#   47.197  -7.282  18.624 ;Mean Elev.(m), Avg Gradient(m/km), RMS Gradient(m/km) - SRTM1     
#   50.188  -7.237  19.117 ;Mean Elev.(m), Avg Gradient(m/km), RMS Gradient(m/km) - ASTER GDEM
#   48.268  -7.203  18.146 ;Mean Elev.(m), Avg Gradient(m/km), RMS Gradient(m/km) - GMTED2010 
   5   6.561972   8.362907    28.261    28.261  2 54706.93765525 28.154
   6   6.559700   8.362222   129.772   129.772  2 54716.85330670  8.053
  12   6.553511   8.366451    96.006    96.091  3 54776.34718821 24.937
  13   6.554840   8.366421    46.937    46.937  2 54786.26282827 49.861
  14   6.555300   8.365460    46.551    46.551  2 54796.17846654 48.942
  15   6.557172   8.365303    46.368    46.368  2 54806.09410438 43.651
  16   6.559929   8.364539    46.664    46.664  2 54816.00974155 49.240
  17   6.559442   8.364707    46.241    46.241  2 54825.92538877 45.740
  18   6.556979   8.366770    95.268    95.268  2 54835.84102829 23.388
  19   6.552925   8.366515    46.289    46.378  3 54845.75667760 50.583
  20   6.550230   8.366500    46.125    46.125  2 54855.67232664 49.376
  21   6.548908   8.366298    46.233    46.233  2 54865.58797581 52.504
  22   6.549324   8.367950    46.616    46.616  2 54875.50362511 50.647
  23   6.549883   8.367086    46.465    46.530  3 54885.41927101 50.088
  24   6.550002   8.367091    46.223    46.147  3 54895.33491345 50.462
  25   6.549634   8.367566    46.658    46.658  2 54905.25055302 50.917
  26   6.550077   8.367919    46.559    46.559  2 54915.16619114 50.418
  27   6.551095   8.366937    46.996    46.996  2 54925.08182852 46.563
  28   6.554052   8.366755    46.323    46.381  3 54934.99746549 45.206
  29   6.558029   8.365465    46.069    46.069  2 54944.91310039 35.505
  30   6.561538   8.361862    46.318    46.230  3 54954.82873248 48.325
  31   6.560755   8.363735    46.610    46.610  2 54964.74437897 45.685
  32   6.558547   8.365443    46.337    46.337  2 54974.66002728 47.744
  34   6.556758   8.366133    46.596    46.596  2 54994.49132302 47.190
  35   6.555950   8.365047    46.116    46.116  2 55004.40696923 45.662
  36   6.555269   8.366594    46.149    46.149  2 55014.32261368 46.892
  37   6.553991   8.366615    46.233    46.218  3 55024.23825621 48.826
  38   6.553309   8.366419    46.702    46.706  3 55034.15389794 50.292
  39   6.554828   8.366319    47.236    47.236  2 55044.06953911 48.516
  40   6.558472   8.365521    46.988    46.988  2 55053.98517864 49.417
  41   6.560817   8.362286    47.867    47.867  2 55063.90081541 50.235
  42   6.559492   8.363173    48.085    48.085  2 55073.81646121 50.525
  43   6.556496   8.365886    49.007    49.007  2 55083.73210958 54.832
  44   6.553530   8.366737   102.175   102.175  2 55093.64775637 23.982
  45   6.552224   8.366753    48.811    48.811  2 55103.56340312 52.904
  46   6.552089   8.366279    48.012    48.012  2 55113.47904968 36.235
  47   6.553597   8.367173    47.896    47.896  2 55123.39469421 49.177
  48   6.554372   8.366033    96.652    96.652  2 55133.31033528 20.333
  49   6.555239   8.367064    47.169    47.169  2 55143.22597447 49.357
  50   6.555236   8.366473    47.311    47.311  2 55153.14161237 47.680
  51   6.556504   8.366006    47.024    47.024  2 55163.05725063 50.098
  52   6.558610   8.364164    46.762    46.762  2 55172.97288838 48.195
  53   6.561013   8.361544    95.264    95.264  2 55182.88852485 21.454
  55   6.555018   8.367138    46.836    46.836  2 55202.71982693 48.247
  56   6.551859   8.367407    46.274    46.269  3 55212.63547648 52.839
  57   6.550969   8.367561    46.964    46.964  2 55222.55112583 50.260
  58   6.550975   8.366914    46.817    46.813  3 55232.46677376 49.956
  59   6.552497   8.367708    46.721    46.721  2 55242.38241881 45.562
  60   6.551921   8.367415    46.253    46.253  2 55252.29805988 46.686
  61   6.550210   8.366542    46.534    46.534  2 55262.21369817 50.256
  62   6.550444   8.366698    46.101    46.101  2 55272.12933561 43.491
  63   6.553032   8.366778    45.971    45.947  3 55282.04497301 50.294
  64   6.556412   8.364603    46.330    46.330  2 55291.96060883 42.884
  65   6.560010   8.362424    45.837    45.837  2 55301.87624284 36.971
  66   6.558870   8.363659    46.210    46.210  2 55311.79189040 48.181
  68   6.555308   8.365081    46.791    46.791  2 55331.62318007 46.325
  69   6.554702   8.365788    46.275    46.275  2 55341.53882456 46.299
  70   6.555218   8.365171    46.425    46.425  2 55351.45446870 47.804
  71   6.556508   8.365182    46.311    46.311  2 55361.37011078 46.665
  72   6.557403   8.366623    96.037    96.037  2 55371.28575082  5.419
  75   6.560385   8.362814   127.528   127.528  2 55401.03266133 17.169
  76   6.560818   8.363116   113.963   114.089  3 55410.94831008 24.537
  77   6.559451   8.362839    47.564    47.564  2 55420.86395949 47.723
  78   6.557842   8.365073    48.258    48.258  2 55430.77960659 51.959
  79   6.554657   8.365554    48.283    48.283  2 55440.69525117 51.981
  80   6.553316   8.367113    48.958    48.999  3 55450.61089490 46.797
  81   6.553693   8.366529    49.591    49.569  3 55460.52653786 53.838
  82   6.555981   8.366738    49.464    49.464  2 55470.44218007 36.010
  85   6.560615   8.363288   134.187   134.187  2 55500.18908856  0.412
  86   6.559303   8.362493    97.047    97.047  2 55510.10472981 22.366
  87   6.557685   8.365163    47.166    47.166  2 55520.02037984 53.024
  88   6.556846   8.366144    46.922    46.922  2 55529.93602859 48.475
  89   6.556189   8.366194    47.260    47.260  2 55539.85167559 50.440
  90   6.555295   8.366225    46.496    46.496  2 55549.76732057 50.288
  91   6.553370   8.365872    93.969    93.969  2 55559.68296393 20.067
  92   6.553048   8.366843    46.484    46.484  2 55569.59860701 52.632
  93   6.553715   8.365568    46.596    46.596  2 55579.51424881 51.445
  94   6.556205   8.365322    46.562    46.562  2 55589.42988835 49.755
  95   6.559026   8.363814    46.368    46.368  2 55599.34552443 47.350
  96   6.561225   8.363821    46.424    46.424  2 55609.26115810 47.147
  97   6.561680   8.361095    46.244    46.244  2 55619.17678910 48.080
  98   6.559857   8.364746    46.433    46.433  2 55629.09243812 46.475
  99   6.558246   8.364913    46.693    46.693  2 55639.00808858 48.011
 100   6.557842   8.364078    46.197    46.197  2 55648.92373670 49.140
 101   6.557674   8.364390    46.412    46.412  2 55658.83938203 47.887
 102   6.557310   8.365652    46.884    46.884  2 55668.75502389 48.443
 103   6.556817   8.365608    47.145    47.145  2 55678.67066335 49.630
 104   6.557727   8.365194    46.852    46.852  2 55688.58630111 50.142
 105   6.559879   8.364839    46.882    46.882  2 55698.50193758 47.848
 107   6.559967   8.364163    46.077    46.077  2 55718.33322523 45.015
 108   6.557574   8.364925    46.366    46.366  2 55728.24887332 49.162
 109   6.556007   8.365483    94.950    94.950  2 55738.16451972 22.918
 110   6.555433   8.366199    46.194    46.194  2 55748.08016488 48.893
 112   6.557398   8.364675    92.452    92.452  2 55767.91144768 19.845
 113   6.559174   8.363812    45.800    45.800  2 55777.82708488 46.035
 114   6.560977   8.363978    45.952    45.952  2 55787.74271995 46.574
 115   6.561864   8.361973    46.505    46.434  3 55797.65835334 48.737
 116   6.561450   8.363395    46.850    46.850  2 55807.57399750 49.972
 117   6.559943   8.362626    47.659    47.659  2 55817.48964669 48.658
 118   6.560311   8.362328    47.963    47.963  2 55827.40529248 48.242
 119   6.561020   8.362632    48.057    48.057  2 55837.32093395 46.233
 120   6.561407   8.363542   115.454   115.454  2 55847.23657219 21.429
 121   6.561901   8.362534    47.760    47.760  2 55857.15220744 44.693
 122   6.560897   8.363025    47.401    47.401  2 55867.06785171 48.134
 123   6.559333   8.364998    46.574    46.574  2 55876.98350394 49.257
 124   6.559036   8.365115    46.032    46.032  2 55886.89914966 46.645
 125   6.559489   8.364485    46.040    46.040  2 55896.81478977 48.691
 126   6.560731   8.362267    46.308    46.308  2 55906.73042470 45.543
 127   6.559258   8.362907    45.573    45.573  2 55916.64607023 45.544
 128   6.557002   8.366410    93.836    93.836  2 55926.56172475 27.044
 129   6.555151   8.365330    46.672    46.672  2 55936.47737505 47.428
 130   6.554711   8.365248    45.987    45.987  2 55946.39302068 48.540
 131   6.555314   8.366325    46.617    46.617  2 55956.30866197 49.619
 132   6.555522   8.365603    45.781    45.781  2 55966.22429999 49.068
 133   6.556757   8.366250    45.930    45.930  2 55976.13993701 50.055
 134   6.558490   8.363477    45.945    45.945  2 55986.05557243 46.677
 135   6.561748   8.361528    46.440    46.414  3 55995.97120804 47.259
 136   6.560297   8.362338    46.183    46.183  2 56005.88685941 47.863
 137   6.558759   8.364419    45.544    45.544  2 56015.80250715 47.580
 138   6.555994   8.364976    45.542    45.542  2 56025.71815172 46.887
 139   6.555093   8.367222    45.344    45.344  2 56035.63379526 49.521
 140   6.555898   8.366082    45.009    45.006  3 56045.54943631 49.332
 142   6.561016   8.362590    44.728    44.752  3 56065.38070870 45.480
 143   6.560182   8.363987    45.896    45.896  2 56075.29635435 46.238
 144   6.557234   8.366004    46.081    46.081  2 56085.21200361 48.656
 145   6.555428   8.365205    45.980    45.980  2 56095.12764982 49.213
 146   6.556520   8.366274    46.045    46.045  2 56105.04329449 46.507
 147   6.557531   8.364401   109.831   109.831  2 56114.95892407 22.434
 148   6.559707   8.364343   114.875   114.875  2 56124.87456201 19.195
 149   6.561600   8.363378    46.716    46.716  2 56134.79019592 34.099
 150   6.560610   8.362241    47.781    47.781  2 56144.70583646 48.834
 151   6.558467   8.364429    47.646    47.646  2 56154.62148711 40.524
 154   6.558701   8.365166    96.550    96.550  2 56184.36842600 26.691
 157   6.560459   8.363241    49.213    49.205  3 56214.11533230 53.229
 159   6.560933   8.361921   110.208   110.208  2 56233.94662269 26.652
 160   6.559262   8.362538    47.130    47.130  2 56243.86227452 50.015
 161   6.558067   8.365630    46.815    46.815  2 56253.77792230 53.496
 162   6.556565   8.365879    46.374    46.374  2 56263.69356538 44.316
 163   6.555890   8.365071    46.841    46.841  2 56273.60920670 47.717
 164   6.556520   8.365241    46.941    46.941  2 56283.52485099 48.961
 165   6.556074   8.366518    46.364    46.364  2 56293.44050328 49.680
 166   6.554903   8.366038    46.467    46.467  2 56303.35615065 50.301
 167   6.554050   8.367081    46.470    46.470  2 56313.27179406 46.920
 168   6.553354   8.366894    46.192    46.192  2 56323.18743478 51.230
 169   6.554156   8.366464    46.199    46.239  3 56333.10307471 36.474
 170   6.556696   8.366004    46.141    46.141  2 56343.01871422 50.722
 171   6.559529   8.363314    46.660    46.660  2 56352.93435102 46.989
 172   6.560384   8.363021    46.444    46.444  2 56362.84999265 46.773
 175   6.552803   8.367248    46.719    46.719  2 56392.59693286 34.016
 176   6.553955   8.366690    46.391    46.391  2 56402.51257573 37.910
 177   6.556121   8.364614    46.389    46.389  2 56412.42821553 47.977
 178   6.559976   8.363999    46.664    46.664  2 56422.34385066 47.811
 179   6.559942   8.363643    46.441    46.441  2 56432.25949188 46.534
 181   6.552951   8.366157    46.020    46.020  2 56452.09079349 48.976
 182   6.553050   8.366294    45.838    45.838  2 56462.00644058 49.717
 183   6.554403   8.366243    46.531    46.531  2 56471.92208448 48.085
 184   6.556471   8.366789    46.700    46.700  2 56481.83772516 51.208
 185   6.557441   8.366022   110.036   110.036  2 56491.75336197 19.227
 186   6.558401   8.363656    47.462    47.462  2 56501.66899626 48.816
 187   6.561579   8.362545    46.443    46.443  2 56511.58462969 46.906
 188   6.561970   8.362485    46.113    46.113  2 56521.50027589 48.923
 189   6.560322   8.363625    46.136    46.136  2 56531.41592928 47.796
 192   6.555587   8.367157    47.812    47.812  2 56561.16286667 51.420
 193   6.554717   8.365855    48.100    48.100  2 56571.07850766 51.087
 194   6.556966   8.366352   104.117   104.117  2 56580.99414781 22.495
 195   6.560989   8.363734    47.600    47.600  2 56590.90978337 51.530
 196   6.560106   8.361982   109.942   109.942  2 56600.82543080 20.863
 197   6.557938   8.365150    46.942    46.942  2 56610.74108152 50.254
 198   6.555443   8.365076    47.166    47.166  2 56620.65672713 47.615
 199   6.554749   8.365404    46.415    46.415  2 56630.57237006 48.484
 200   6.557021   8.365299    46.277    46.277  2 56640.48800956 30.282
 201   6.557739   8.365137    46.430    46.430  2 56650.40365700 49.860
 202   6.555781   8.364983    94.010    94.010  2 56660.31930790 24.272
 203   6.554279   8.366783    46.940    46.940  2 56670.23495541 50.111
 204   6.552760   8.366421    46.858    46.858  2 56680.15060002 51.367
 205   6.553729   8.367067    45.607    45.607  2 56690.06624313 50.035
 206   6.555917   8.365266    46.372    46.372  2 56699.98188269 48.471
 207   6.559274   8.363604    46.233    46.233  2 56709.89751770 45.489
 209   6.555687   8.366167    46.550    46.550  2 56729.72881128 49.954
 210   6.552590   8.366854    45.892    45.893  3 56739.64445965 51.976
 211   6.551868   8.366875    45.757    45.756  3 56749.56010419 49.202
 212   6.554368   8.366208    45.396    45.378  3 56759.47574402 42.206
 215   6.553673   8.366875    46.259    46.201  3 56789.22268250 50.780
 216   6.549759   8.367381    46.453    46.430  3 56799.13833394 50.664
 217   6.548963   8.368080    46.410    46.410  2 56809.05397942 50.838
 218   6.551032   8.367715    46.414    46.414  2 56818.96961946 50.957
 219   6.554467   8.366419    46.224    46.175  3 56828.88525575 50.056
 220   6.558239   8.364598    46.759    46.759  2 56838.80088894 48.379
 221   6.561554   8.363232    46.429    46.429  2 56848.71652043 47.669
 222   6.558161   8.365631    46.690    46.690  2 56858.63217531 48.601
 223   6.555961   8.366985    45.582    45.582  2 56868.54782920 39.412
 224   6.554278   8.366256    46.500    46.511  3 56878.46348065 47.967
 225   6.553424   8.367004    46.170    46.162  3 56888.37912914 46.946
 226   6.552158   8.367497    47.485    47.475  3 56898.29477466 50.882
 227   6.550610   8.367687    47.981    47.981  2 56908.21041736 52.170
 229   6.552842   8.367229    48.607    48.641  3 56928.04169669 51.728
 230   6.557127   8.366414    99.428    99.428  2 56937.95733144 23.027
 231   6.561180   8.363163    48.406    48.406  2 56947.87296359 52.553
 232   6.558604   8.364857    47.738    47.738  2 56957.78861721 50.714
 233   6.556490   8.367088    46.945    46.945  2 56967.70426588 49.351
 234   6.555340   8.366985    46.853    46.853  2 56977.61991039 49.553
 235   6.555943   8.365255    46.160    46.160  2 56987.53555032 46.468
 236   6.559755   8.363998    46.312    46.312  2 56997.45118465 45.971
 237   6.559299   8.363067    93.130    93.130  2 57007.36683210 19.564
 238   6.557044   8.365650    94.205    94.205  2 57017.28248644 22.563
 239   6.554680   8.366579    46.778    46.778  2 57027.19813662 49.893
 240   6.553309   8.366760    46.372    46.274  3 57037.11378466 47.751
 241   6.554030   8.367130    46.750    46.750  2 57047.02943024 50.243
 242   6.555744   8.365775    46.709    46.709  2 57056.94507193 48.361
 243   6.558266   8.365644    46.171    46.171  2 57066.86070859 47.838
 244   6.559201   8.362609    46.729    46.729  2 57076.77634038 46.737
 245   6.562007   8.362543    46.238    46.238  2 57086.69197095 48.063
 246   6.557830   8.365968    45.929    45.929  2 57096.60763046 47.503
 247   6.554677   8.366270    45.937    45.937  2 57106.52328661 47.530
 248   6.554206   8.366353    45.790    45.790  2 57116.43893813 47.205
 249   6.554436   8.366180    45.512    45.512  2 57126.35458328 47.791
 250   6.555267   8.367304    45.906    45.906  2 57136.27022314 47.412
 251   6.556609   8.365785    45.457    45.457  2 57146.18585812 26.731
 252   6.559263   8.363439    45.981    45.981  2 57156.10149046 25.592
 253   6.560355   8.362231    45.500    45.500  2 57166.01713187 44.706
 254   6.558568   8.365247    45.724    45.724  2 57175.93278831 46.899
 255   6.556971   8.366457    45.581    45.581  2 57185.84844066 29.789
 256   6.555272   8.365944    93.621    93.621  2 57195.76408875 19.816
 257   6.554464   8.367273    45.585    45.585  2 57205.67972391 28.164
 258   6.554175   8.367385    45.566    45.566  2 57215.59536934 49.868
 259   6.554877   8.365510    94.433    94.433  2 57225.51101321 23.682
 260   6.557335   8.366594    45.881    45.881  2 57235.42665584 46.604
 261   6.558556   8.365480    46.559    46.559  2 57245.34229442 48.559
 262   6.559165   8.364494    46.610    46.610  2 57255.25793018 47.493
 263   6.560169   8.364112    46.962    46.962  2 57265.17356465 45.187
 264   6.560729   8.363736    47.550    47.550  2 57275.08920620 50.218
 265   6.558475   8.363318    98.165    98.165  2 57285.00486269 24.971
 267   6.556489   8.366354    48.845    48.845  2 57304.83616758 48.580
 268   6.553874   8.365842    95.766    95.766  2 57314.75181411 26.865
 269   6.552206   8.367319    94.836    94.836  2 57324.66745817 27.891
 270   6.552273   8.366879    46.974    47.010  3 57334.58310026 52.692
 271   6.554597   8.365983    93.062    93.062  2 57344.49874059 22.743
 272   6.552950   8.367293    46.661    46.661  2 57354.41439529 41.964
 273   6.553262   8.366386    46.592    46.630  3 57364.33003950 53.855
 274   6.554133   8.366627    46.032    46.036  3 57374.24568037 51.011
 275   6.554896   8.365421    46.045    46.045  2 57384.16131882 48.937
 276   6.556997   8.364490    46.121    46.121  2 57394.07695681 48.899
 277   6.559938   8.362146    46.241    46.241  2 57403.99259364 46.356
 278   6.560943   8.362960    46.177    46.177  2 57413.90823985 48.361
 280   6.555575   8.366806    46.440    46.440  2 57433.73954027 47.048
 281   6.552462   8.366434    46.301    46.301  2 57443.65518702 52.723
 282   6.552186   8.366927    46.331    46.370  3 57453.57083365 32.354
 283   6.554012   8.367407    46.203    46.203  2 57463.48647870 51.621
 284   6.556708   8.364783    46.694    46.694  2 57473.40211947 49.213
 285   6.559483   8.364962    46.168    46.168  2 57483.31775691 37.785
 286   6.560283   8.363649   111.415   111.415  2 57493.23339059 21.678
 287   6.561433   8.360848    46.027    46.027  2 57503.14902176 47.680
 290   6.557449   8.365681    46.212    46.212  2 57532.89598049 48.042
 291   6.556199   8.365253    47.008    47.008  2 57542.81162919 48.611
 292   6.555232   8.366372    46.861    46.861  2 57552.72727572 49.347
 293   6.554248   8.366488    46.995    47.011  3 57562.64292081 50.298
 294   6.554179   8.366613    46.953    46.953  2 57572.55856570 50.632
 295   6.555340   8.367247    47.086    47.086  2 57582.47421069 51.095
 296   6.556204   8.365432    47.812    47.812  2 57592.38985326 50.092
 297   6.556992   8.365401    48.121    48.121  2 57602.30549353 35.874
