#   47.197  -7.282  18.624 ;Mean Elev.(m), Avg Gradient(m/km), RMS Gradient(m/km) - SRTM1     
#   50.188  -7.237  19.117 ;Mean Elev.(m), Avg Gradient(m/km), RMS Gradient(m/km) - ASTER GDEM
#   48.268  -7.203  18.146 ;Mean Elev.(m), Avg Gradient(m/km), RMS Gradient(m/km) - GMTED2010 
   5    27.685 54706.93765495 27.45   6.561515   8.361659 14.365 -100.00 -100.00 -100.00
   5    28.838 54706.93765554 28.76   6.562430   8.364155 18.906 -100.00 -100.00 -100.00
   6   125.451 54716.85330641  8.78   6.559243   8.360975 15.610 -100.00 -100.00 -100.00
   6   134.093 54716.85330700  7.18   6.560158   8.363470  9.006 -100.00 -100.00 -100.00
  12    95.587 54776.34718762 17.03   6.552596   8.363955   -100 -100.00 -100.00 -100.00
  12    96.091 54776.34718821 27.70   6.553511   8.366451 21.006 -100.00 -100.00 -100.00
  12    96.340 54776.34718880 24.71   6.554427   8.368947 13.775 -100.00 -100.00 -100.00
  13    46.866 54786.26282798 49.93   6.554382   8.365174  7.457 -100.00 -100.00 -100.00
  13    47.009 54786.26282857 49.79   6.555298   8.367669   -100 -100.00 -100.00 -100.00
  14    46.507 54796.17846624 49.07   6.554842   8.364213 14.826 -100.00 -100.00 -100.00
  14    46.594 54796.17846683 48.81   6.555758   8.366708   -100 -100.00 -100.00 -100.00
  15    46.370 54806.09410409 38.22   6.556714   8.364055   -100 -100.00 -100.00 -100.00
  15    46.366 54806.09410468 45.99   6.557630   8.366551  5.042 -100.00 -100.00 -100.00
  16    46.644 54816.00974125 46.73   6.559471   8.363291   -100 -100.00 -100.00 -100.00
  16    46.683 54816.00974184 50.82   6.560387   8.365787   -100 -100.00 -100.00 -100.00
  17    46.107 54825.92538847 45.79   6.558984   8.363459   -100 -100.00 -100.00 -100.00
  17    46.376 54825.92538906 45.69   6.559899   8.365955   -100 -100.00 -100.00 -100.00
  18    95.547 54835.84102800 17.63   6.556521   8.365522  9.090 -100.00 -100.00 -100.00
  18    94.989 54835.84102859 25.78   6.557437   8.368018 17.324 -100.00 -100.00 -100.00
  19    46.033 54845.75667701 50.11   6.552010   8.364019 19.345 -100.00 -100.00 -100.00
  19    46.454 54845.75667760 49.62   6.552925   8.366515   -100 -100.00 -100.00 -100.00
  19    46.378 54845.75667819 51.73   6.553841   8.369011   -100 -100.00 -100.00 -100.00
  20    46.003 54855.67232635 49.93   6.549772   8.365252  4.763 -100.00 -100.00 -100.00
  20    46.246 54855.67232694 48.74   6.550688   8.367748   -100 -100.00 -100.00 -100.00
  21    46.068 54865.58797551 53.11   6.548450   8.365050 29.589 -100.00 -100.00 -100.00
  21    46.398 54865.58797610 51.80   6.549366   8.367546   -100 -100.00 -100.00 -100.00
  22    46.672 54875.50362482 50.96   6.548867   8.366702   -100 -100.00 -100.00 -100.00
  22    46.560 54875.50362541 50.31   6.549782   8.369198   -100 -100.00 -100.00 -100.00
  23    46.322 54885.41927042 49.20   6.548968   8.364590   -100 -100.00 -100.00 -100.00
  23    46.544 54885.41927101 49.00   6.549883   8.367086   -100 -100.00 -100.00 -100.00
  23    46.530 54885.41927160 51.57   6.550799   8.369582   -100 -100.00 -100.00 -100.00
  24    46.147 54895.33491286 50.08   6.549087   8.364595 15.028 -100.00 -100.00 -100.00
  24    46.381 54895.33491345 50.19   6.550002   8.367091   -100 -100.00 -100.00 -100.00
  24    46.140 54895.33491404 51.05   6.550918   8.369588  9.723 -100.00 -100.00 -100.00
  25    46.641 54905.25055272 51.05   6.549176   8.366318   -100 -100.00 -100.00 -100.00
  25    46.675 54905.25055331 50.78   6.550092   8.368814   -100 -100.00 -100.00 -100.00
  26    46.557 54915.16619085 49.90   6.549619   8.366671   -100 -100.00 -100.00 -100.00
  26    46.562 54915.16619144 50.88   6.550535   8.369167   -100 -100.00 -100.00 -100.00
  27    47.070 54925.08182822 46.09   6.550637   8.365689   -100 -100.00 -100.00 -100.00
  27    46.921 54925.08182881 46.99   6.551553   8.368185   -100 -100.00 -100.00 -100.00
  28    46.381 54934.99746490 42.69   6.553136   8.364259   -100 -100.00 -100.00 -100.00
  28    46.414 54934.99746549 45.87   6.554052   8.366755   -100 -100.00 -100.00 -100.00
  28    46.174 54934.99746608 46.26   6.554967   8.369251 28.471 -100.00 -100.00 -100.00
  29    46.121 54944.91310009 35.55   6.557572   8.364217   -100 -100.00 -100.00 -100.00
  29    46.017 54944.91310068 35.46   6.558487   8.366713   -100 -100.00 -100.00 -100.00
  30    46.230 54954.82873189 45.83   6.560622   8.359366   -100 -100.00 -100.00 -100.00
  30    46.521 54954.82873248 47.82   6.561538   8.361862 32.660 -100.00 -100.00 -100.00
  30    46.204 54954.82873307 50.22   6.562453   8.364358   -100 -100.00 -100.00 -100.00
  31    46.577 54964.74437868 43.83   6.560298   8.362487   -100 -100.00 -100.00 -100.00
  31    46.643 54964.74437927 46.98   6.561213   8.364983   -100 -100.00 -100.00 -100.00
  32    46.397 54974.66002698 45.97   6.558090   8.364195   -100 -100.00 -100.00 -100.00
  32    46.277 54974.66002757 49.00   6.559005   8.366691   -100 -100.00 -100.00 -100.00
  34    46.594 54994.49132273 46.10   6.556301   8.364885   -100 -100.00 -100.00 -100.00
  34    46.597 54994.49132332 48.06   6.557216   8.367381   -100 -100.00 -100.00 -100.00
  35    46.055 55004.40696893 45.20   6.555492   8.363799   -100 -100.00 -100.00 -100.00
  35    46.178 55004.40696952 46.08   6.556407   8.366295   -100 -100.00 -100.00 -100.00
  36    46.132 55014.32261338 46.06   6.554811   8.365346   -100 -100.00 -100.00 -100.00
  36    46.166 55014.32261397 47.59   6.555727   8.367842   -100 -100.00 -100.00 -100.00
  37    46.109 55024.23825562 48.04   6.553076   8.364120  5.575 -100.00 -100.00 -100.00
  37    46.218 55024.23825621 47.84   6.553991   8.366615   -100 -100.00 -100.00 -100.00
  37    46.372 55024.23825680 50.19   6.554907   8.369111   -100 -100.00 -100.00 -100.00
  38    46.596 55034.15389735 50.25   6.552394   8.363923 21.185 -100.00 -100.00 -100.00
  38    46.706 55034.15389794 49.00   6.553309   8.366419  0.011 -100.00 -100.00 -100.00
  38    46.803 55034.15389853 51.32   6.554225   8.368915   -100 -100.00 -100.00 -100.00
  39    47.178 55044.06953881 48.07   6.554370   8.365071   -100 -100.00 -100.00 -100.00
  39    47.294 55044.06953940 48.92   6.555285   8.367567   -100 -100.00 -100.00 -100.00
  40    47.159 55053.98517835 48.26   6.558015   8.364273   -100 -100.00 -100.00 -100.00
  40    46.817 55053.98517894 50.33   6.558930   8.366769 23.849 -100.00 -100.00 -100.00
  41    47.851 55063.90081512 50.21   6.560360   8.361039  7.892 -100.00 -100.00 -100.00
  41    47.882 55063.90081571 50.26   6.561275   8.363534 14.026 -100.00 -100.00 -100.00
  42    48.064 55073.81646091 51.28   6.559035   8.361925   -100 -100.00 -100.00 -100.00
  42    48.105 55073.81646150 49.61   6.559950   8.364421   -100 -100.00 -100.00 -100.00
  43    48.984 55083.73210929 54.57   6.556038   8.364638 24.096 -100.00 -100.00 -100.00
  43    49.031 55083.73210988 55.08   6.556953   8.367134 14.947 -100.00 -100.00 -100.00
  44   101.817 55093.64775607 20.17   6.553072   8.365489 21.841 -100.00 -100.00 -100.00
  44   102.534 55093.64775666 25.98   6.553988   8.367984  9.017 -100.00 -100.00 -100.00
  45    48.794 55103.56340283 50.90   6.551767   8.365505   -100 -100.00 -100.00 -100.00
  45    48.827 55103.56340342 54.27   6.552682   8.368000  1.924 -100.00 -100.00 -100.00
  46    48.070 55113.47904938 36.30   6.551632   8.365031 30.208 -100.00 -100.00 -100.00
  46    47.955 55113.47904997 36.17   6.552547   8.367527   -100 -100.00 -100.00 -100.00
  47    47.713 55123.39469391 47.75   6.553139   8.365925   -100 -100.00 -100.00 -100.00
  47    48.080 55123.39469450 50.25   6.554055   8.368421   -100 -100.00 -100.00 -100.00
  48    96.401 55133.31033498 21.99   6.553914   8.364785 19.831 -100.00 -100.00 -100.00
  48    96.904 55133.31033557 17.62   6.554829   8.367281 10.458 -100.00 -100.00 -100.00
  49    47.124 55143.22597418 48.15   6.554781   8.365816   -100 -100.00 -100.00 -100.00
  49    47.213 55143.22597477 50.30   6.555697   8.368312   -100 -100.00 -100.00 -100.00
  50    47.266 55153.14161208 47.05   6.554779   8.365225   -100 -100.00 -100.00 -100.00
  50    47.357 55153.14161267 48.23   6.555694   8.367720 26.131 -100.00 -100.00 -100.00
  51    46.973 55163.05725034 48.29   6.556046   8.364758   -100 -100.00 -100.00 -100.00
  51    47.076 55163.05725093 51.37   6.556962   8.367254   -100 -100.00 -100.00 -100.00
  52    46.897 55172.97288809 46.78   6.558152   8.362917   -100 -100.00 -100.00 -100.00
  52    46.628 55172.97288868 49.26   6.559068   8.365412 11.647 -100.00 -100.00 -100.00
  53    95.316 55182.88852455 21.84   6.560556   8.360296 13.659 -100.00 -100.00 -100.00
  53    95.213 55182.88852514 21.03   6.561471   8.362792 12.058 -100.00 -100.00 -100.00
  55    46.660 55202.71982663 47.23   6.554561   8.365890   -100 -100.00 -100.00 -100.00
  55    47.013 55202.71982722 49.07   6.555476   8.368386   -100 -100.00 -100.00 -100.00
  56    46.190 55212.63547589 53.29   6.550944   8.364911 28.915 -100.00 -100.00 -100.00
  56    46.269 55212.63547648 52.22   6.551859   8.367407 15.724 -100.00 -100.00 -100.00
  56    46.363 55212.63547707 52.94   6.552774   8.369903   -100 -100.00 -100.00 -100.00
  57    46.928 55222.55112553 50.28   6.550511   8.366313   -100 -100.00 -100.00 -100.00
  57    47.000 55222.55112612 50.24   6.551427   8.368809   -100 -100.00 -100.00 -100.00
  58    46.727 55232.46677317 48.71   6.550059   8.364417 10.734 -100.00 -100.00 -100.00
  58    46.813 55232.46677376 51.03   6.550975   8.366914  6.993 -100.00 -100.00 -100.00
  58    46.910 55232.46677435 49.82   6.551890   8.369410   -100 -100.00 -100.00 -100.00
  59    46.731 55242.38241851 45.70   6.552039   8.366460   -100 -100.00 -100.00 -100.00
  59    46.711 55242.38241910 45.42   6.552954   8.368956   -100 -100.00 -100.00 -100.00
  60    46.126 55252.29805958 48.55   6.551463   8.366167 19.867 -100.00 -100.00 -100.00
  60    46.381 55252.29806017 43.35   6.552379   8.368663   -100 -100.00 -100.00 -100.00
  61    46.403 55262.21369787 50.17   6.549752   8.365293   -100 -100.00 -100.00 -100.00
  61    46.665 55262.21369846 50.34   6.550668   8.367790   -100 -100.00 -100.00 -100.00
  62    46.155 55272.12933532 45.44   6.549986   8.365450   -100 -100.00 -100.00 -100.00
  62    46.048 55272.12933591 39.86   6.550902   8.367946   -100 -100.00 -100.00 -100.00
  63    45.899 55282.04497242 50.27   6.552117   8.364282 12.361 -100.00 -100.00 -100.00
  63    46.068 55282.04497301 49.05   6.553032   8.366778   -100 -100.00 -100.00 -100.00
  63    45.947 55282.04497360 51.28   6.553948   8.369274 12.704 -100.00 -100.00 -100.00
  64    46.286 55291.96060853 42.70   6.555954   8.363355   -100 -100.00 -100.00 -100.00
  64    46.374 55291.96060912 43.06   6.556870   8.365851   -100 -100.00 -100.00 -100.00
  65    45.873 55301.87624255 36.90   6.559553   8.361176   -100 -100.00 -100.00 -100.00
  65    45.801 55301.87624314 37.04   6.560468   8.363672   -100 -100.00 -100.00 -100.00
  66    46.148 55311.79189010 48.07   6.558412   8.362411  0.717 -100.00 -100.00 -100.00
  66    46.272 55311.79189069 48.29   6.559328   8.364907   -100 -100.00 -100.00 -100.00
  68    46.689 55331.62317977 45.26   6.554851   8.363833   -100 -100.00 -100.00 -100.00
  68    46.894 55331.62318036 47.18   6.555766   8.366329   -100 -100.00 -100.00 -100.00
  69    46.343 55341.53882427 45.42   6.554245   8.364540   -100 -100.00 -100.00 -100.00
  69    46.206 55341.53882486 47.03   6.555160   8.367036   -100 -100.00 -100.00 -100.00
  70    46.262 55351.45446841 47.44   6.554760   8.363923   -100 -100.00 -100.00 -100.00
  70    46.588 55351.45446900 48.14   6.555676   8.366419   -100 -100.00 -100.00 -100.00
  71    46.274 55361.37011049 46.08   6.556050   8.363934   -100 -100.00 -100.00 -100.00
  71    46.348 55361.37011108 47.18   6.556965   8.366430   -100 -100.00 -100.00 -100.00
  72    94.806 55371.28575053  7.70   6.556945   8.365375  9.486 -100.00 -100.00 -100.00
  72    97.268 55371.28575112  0.32   6.557860   8.367871  4.226 -100.00 -100.00 -100.00
  75   130.851 55401.03266103 15.22   6.559928   8.361567 13.767 -100.00 -100.00 -100.00
  75   124.205 55401.03266162 18.51   6.560843   8.364062 20.374 -100.00 -100.00 -100.00
  76   114.332 55410.94830949 21.19   6.559902   8.360620 12.658 -100.00 -100.00 -100.00
  76   114.089 55410.94831008 22.08   6.560818   8.363116 15.185 -100.00 -100.00 -100.00
  76   113.469 55410.94831067 27.48   6.561733   8.365612   -100 -100.00 -100.00 -100.00
  77    47.696 55420.86395920 48.10   6.558993   8.361591   -100 -100.00 -100.00 -100.00
  77    47.432 55420.86395979 47.31   6.559908   8.364087  4.302 -100.00 -100.00 -100.00
  78    48.218 55430.77960630 51.34   6.557384   8.363826   -100 -100.00 -100.00 -100.00
  78    48.298 55430.77960689 52.50   6.558300   8.366321   -100 -100.00 -100.00 -100.00
  79    48.235 55440.69525087 51.48   6.554199   8.364306   -100 -100.00 -100.00 -100.00
  79    48.332 55440.69525146 52.43   6.555114   8.366802   -100 -100.00 -100.00 -100.00
  80    48.791 55450.61089431 46.83   6.552401   8.364618   -100 -100.00 -100.00 -100.00
  80    49.085 55450.61089490 44.68   6.553316   8.367113   -100 -100.00 -100.00 -100.00
  80    48.999 55450.61089549 48.19   6.554231   8.369609   -100 -100.00 -100.00 -100.00
  81    49.560 55460.52653727 50.80   6.552778   8.364034   -100 -100.00 -100.00 -100.00
  81    49.569 55460.52653786 55.38   6.553693   8.366529 16.703 -100.00 -100.00 -100.00
  81    49.644 55460.52653845 54.16   6.554609   8.369025   -100 -100.00 -100.00 -100.00
  82    49.412 55470.44217978 36.03   6.555524   8.365490 20.752 -100.00 -100.00 -100.00
  82    49.517 55470.44218037 35.99   6.556439   8.367986 19.780 -100.00 -100.00 -100.00
  85   132.968 55500.18908826  0.16   6.560158   8.362040  6.982 -100.00 -100.00 -100.00
  85   135.407 55500.18908885  0.65   6.561073   8.364535 18.286 -100.00 -100.00 -100.00
  86    95.736 55510.10472952 24.37   6.558845   8.361246   -100 -100.00 -100.00 -100.00
  86    98.357 55510.10473011 18.53   6.559761   8.363741 15.393 -100.00 -100.00 -100.00
  87    47.146 55520.02037954 52.54   6.557227   8.363915 31.728 -100.00 -100.00 -100.00
  87    47.186 55520.02038013 53.46   6.558142   8.366410 27.922 -100.00 -100.00 -100.00
  88    46.914 55529.93602829 48.46   6.556388   8.364896 12.247 -100.00 -100.00 -100.00
  88    46.931 55529.93602888 48.49   6.557304   8.367392 18.586 -100.00 -100.00 -100.00
  89    47.235 55539.85167530 49.32   6.555731   8.364946   -100 -100.00 -100.00 -100.00
  89    47.285 55539.85167589 51.33   6.556647   8.367442   -100 -100.00 -100.00 -100.00
  90    46.692 55549.76732027 48.42   6.554837   8.364977   -100 -100.00 -100.00 -100.00
  90    46.301 55549.76732086 51.59   6.555753   8.367473 27.218 -100.00 -100.00 -100.00
  91    93.509 55559.68296364 16.04   6.552912   8.364624   -100 -100.00 -100.00 -100.00
  91    94.429 55559.68296423 22.12   6.553827   8.367120 15.073 -100.00 -100.00 -100.00
  92    46.472 55569.59860672 52.30   6.552591   8.365595  4.547 -100.00 -100.00 -100.00
  92    46.495 55569.59860731 52.94   6.553506   8.368091 17.288 -100.00 -100.00 -100.00
  93    46.366 55579.51424852 51.49   6.553257   8.364320   -100 -100.00 -100.00 -100.00
  93    46.826 55579.51424911 51.40   6.554173   8.366816   -100 -100.00 -100.00 -100.00
  94    46.396 55589.42988806 49.38   6.555748   8.364074  4.364 -100.00 -100.00 -100.00
  94    46.729 55589.42988865 50.10   6.556663   8.366570   -100 -100.00 -100.00 -100.00
  95    46.269 55599.34552414 46.10   6.558568   8.362566   -100 -100.00 -100.00 -100.00
  95    46.467 55599.34552473 48.32   6.559484   8.365062   -100 -100.00 -100.00 -100.00
  96    46.586 55609.26115780 45.40   6.560767   8.362573   -100 -100.00 -100.00 -100.00
  96    46.262 55609.26115839 48.39   6.561683   8.365069 11.461 -100.00 -100.00 -100.00
  97    46.233 55619.17678881 47.70   6.561223   8.359847   -100 -100.00 -100.00 -100.00
  97    46.255 55619.17678940 48.43   6.562138   8.362343   -100 -100.00 -100.00 -100.00
  98    46.379 55629.09243782 46.49   6.559400   8.363498 12.399 -100.00 -100.00 -100.00
  98    46.488 55629.09243841 46.46   6.560315   8.365994  5.607 -100.00 -100.00 -100.00
  99    46.659 55639.00808828 47.94   6.557788   8.363665   -100 -100.00 -100.00 -100.00
  99    46.726 55639.00808887 48.08   6.558704   8.366161   -100 -100.00 -100.00 -100.00
 100    46.158 55648.92373640 48.55   6.557385   8.362830 18.763 -100.00 -100.00 -100.00
 100    46.235 55648.92373699 49.66   6.558300   8.365326 20.117 -100.00 -100.00 -100.00
 101    46.414 55658.83938173 45.78   6.557216   8.363142   -100 -100.00 -100.00 -100.00
 101    46.410 55658.83938232 49.30   6.558132   8.365638   -100 -100.00 -100.00 -100.00
 102    46.690 55668.75502360 46.88   6.556852   8.364404   -100 -100.00 -100.00 -100.00
 102    47.079 55668.75502419 49.59   6.557768   8.366900   -100 -100.00 -100.00 -100.00
 103    47.112 55678.67066305 48.54   6.556359   8.364360   -100 -100.00 -100.00 -100.00
 103    47.178 55678.67066365 50.50   6.557275   8.366856   -100 -100.00 -100.00 -100.00
 104    46.700 55688.58630082 49.68   6.557269   8.363946   -100 -100.00 -100.00 -100.00
 104    47.004 55688.58630141 50.56   6.558185   8.366442   -100 -100.00 -100.00 -100.00
 105    46.867 55698.50193728 47.57   6.559421   8.363591   -100 -100.00 -100.00 -100.00
 105    46.896 55698.50193787 48.11   6.560337   8.366087   -100 -100.00 -100.00 -100.00
 107    46.070 55718.33322493 43.14   6.559510   8.362915   -100 -100.00 -100.00 -100.00
 107    46.083 55718.33322552 46.32   6.560425   8.365411   -100 -100.00 -100.00 -100.00
 108    46.350 55728.24887303 48.65   6.557116   8.363677 26.789 -100.00 -100.00 -100.00
 108    46.381 55728.24887362 49.62   6.558032   8.366173 27.226 -100.00 -100.00 -100.00
 109    95.148 55738.16451942 18.08   6.555550   8.364235  8.959 -100.00 -100.00 -100.00
 109    94.752 55738.16452001 25.15   6.556465   8.366731 15.973 -100.00 -100.00 -100.00
 110    46.370 55748.08016458 48.32   6.554975   8.364951 31.459 -100.00 -100.00 -100.00
 110    46.018 55748.08016518 49.40   6.555890   8.367447   -100 -100.00 -100.00 -100.00
 112    90.268 55767.91144739 15.04   6.556940   8.363427  9.437 -100.00 -100.00 -100.00
 112    94.636 55767.91144798 22.07   6.557855   8.365923 13.876 -100.00 -100.00 -100.00
 113    45.639 55777.82708458 45.45   6.558716   8.362564   -100 -100.00 -100.00 -100.00
 113    45.961 55777.82708517 46.55   6.559632   8.365060   -100 -100.00 -100.00 -100.00
 114    45.882 55787.74271965 45.49   6.560520   8.362731  2.899 -100.00 -100.00 -100.00
 114    46.022 55787.74272024 47.44   6.561435   8.365226   -100 -100.00 -100.00 -100.00
 115    46.434 55797.65835275 47.36   6.560949   8.359477   -100 -100.00 -100.00 -100.00
 115    46.699 55797.65835334 47.49   6.561864   8.361973   -100 -100.00 -100.00 -100.00
 115    46.381 55797.65835393 50.56   6.562780   8.364469  9.230 -100.00 -100.00 -100.00
 116    46.827 55807.57399721 47.39   6.560993   8.362148   -100 -100.00 -100.00 -100.00
 116    46.872 55807.57399780 51.58   6.561908   8.364643 14.826 -100.00 -100.00 -100.00
 117    47.737 55817.48964639 47.47   6.559485   8.361378   -100 -100.00 -100.00 -100.00
 117    47.582 55817.48964698 49.59   6.560400   8.363873   -100 -100.00 -100.00 -100.00
 118    47.956 55827.40529218 48.36   6.559853   8.361080   -100 -100.00 -100.00 -100.00
 118    47.971 55827.40529278 48.12   6.560769   8.363576   -100 -100.00 -100.00 -100.00
 119    48.147 55837.32093366 46.06   6.560562   8.361384   -100 -100.00 -100.00 -100.00
 119    47.968 55837.32093425 46.40   6.561478   8.363880  2.121 -100.00 -100.00 -100.00
 120   115.702 55847.23657190 18.20   6.560949   8.362294  9.299 -100.00 -100.00 -100.00
 120   115.206 55847.23657249 23.26   6.561865   8.364790 14.178 -100.00 -100.00 -100.00
 121    47.725 55857.15220715 45.52   6.561444   8.361287 10.174 -100.00 -100.00 -100.00
 121    47.796 55857.15220774 43.67   6.562359   8.363782  1.561 -100.00 -100.00 -100.00
 122    47.255 55867.06785142 47.47   6.560439   8.361777   -100 -100.00 -100.00 -100.00
 122    47.547 55867.06785201 48.71   6.561354   8.364273   -100 -100.00 -100.00 -100.00
 123    46.544 55876.98350364 48.61   6.558875   8.363751 17.495 -100.00 -100.00 -100.00
 123    46.604 55876.98350423 49.82   6.559790   8.366246 26.950 -100.00 -100.00 -100.00
 124    46.028 55886.89914936 45.50   6.558579   8.363867   -100 -100.00 -100.00 -100.00
 124    46.035 55886.89914995 47.55   6.559494   8.366363  7.624 -100.00 -100.00 -100.00
 125    46.071 55896.81478947 47.74   6.559032   8.363238   -100 -100.00 -100.00 -100.00
 125    46.010 55896.81479006 49.47   6.559947   8.365733   -100 -100.00 -100.00 -100.00
 126    46.210 55906.73042440 44.38   6.560274   8.361019   -100 -100.00 -100.00 -100.00
 126    46.406 55906.73042499 46.46   6.561189   8.363514   -100 -100.00 -100.00 -100.00
 127    45.633 55916.64606993 44.35   6.558800   8.361659   -100 -100.00 -100.00 -100.00
 127    45.514 55916.64607052 46.48   6.559716   8.364155   -100 -100.00 -100.00 -100.00
 128    94.461 55926.56172445 24.39   6.556545   8.365162 14.656 -100.00 -100.00 -100.00
 128    93.211 55926.56172504 28.68   6.557460   8.367658   -100 -100.00 -100.00 -100.00
 129    46.969 55936.47737475 45.54   6.554693   8.364082 21.353 -100.00 -100.00 -100.00
 129    46.376 55936.47737534 48.74   6.555609   8.366578   -100 -100.00 -100.00 -100.00
 130    46.028 55946.39302039 48.51   6.554254   8.364000   -100 -100.00 -100.00 -100.00
 130    45.946 55946.39302098 48.57   6.555169   8.366496   -100 -100.00 -100.00 -100.00
 131    46.687 55956.30866168 48.65   6.554856   8.365077 30.280 -100.00 -100.00 -100.00
 131    46.546 55956.30866227 50.41   6.555772   8.367573   -100 -100.00 -100.00 -100.00
 132    46.042 55966.22429970 47.40   6.555064   8.364355 32.200 -100.00 -100.00 -100.00
 132    45.519 55966.22430029 50.27   6.555980   8.366851 21.136 -100.00 -100.00 -100.00
 133    46.066 55976.13993671 48.78   6.556299   8.365002   -100 -100.00 -100.00 -100.00
 133    45.794 55976.13993730 51.04   6.557215   8.367498   -100 -100.00 -100.00 -100.00
 134    45.974 55986.05557213 45.25   6.558032   8.362229   -100 -100.00 -100.00 -100.00
 134    45.916 55986.05557272 47.75   6.558948   8.364725   -100 -100.00 -100.00 -100.00
 135    46.370 55995.97120745 45.75   6.560833   8.359031   -100 -100.00 -100.00 -100.00
 135    46.414 55995.97120804 45.74   6.561748   8.361528   -100 -100.00 -100.00 -100.00
 135    46.535 55995.97120863 49.27   6.562664   8.364024   -100 -100.00 -100.00 -100.00
 136    46.248 56005.88685912 46.65   6.559839   8.361090 31.116 -100.00 -100.00 -100.00
 136    46.117 56005.88685971 48.81   6.560755   8.363586   -100 -100.00 -100.00 -100.00
 137    45.355 56015.80250686 46.41   6.558302   8.363171   -100 -100.00 -100.00 -100.00
 137    45.733 56015.80250745 48.50   6.559217   8.365667   -100 -100.00 -100.00 -100.00
 138    45.597 56025.71815143 45.73   6.555536   8.363728   -100 -100.00 -100.00 -100.00
 138    45.487 56025.71815202 47.80   6.556452   8.366224   -100 -100.00 -100.00 -100.00
 139    45.505 56035.63379497 47.76   6.554636   8.365974   -100 -100.00 -100.00 -100.00
 139    45.184 56035.63379556 50.77   6.555551   8.368470 12.513 -100.00 -100.00 -100.00
 140    45.045 56045.54943572 45.50   6.554983   8.363586   -100 -100.00 -100.00 -100.00
 140    45.006 56045.54943631 48.78   6.555898   8.366082 16.347 -100.00 -100.00 -100.00
 140    44.977 56045.54943690 51.65   6.556814   8.368579   -100 -100.00 -100.00 -100.00
 142    44.533 56065.38070811 43.36   6.560100   8.360094   -100 -100.00 -100.00 -100.00
 142    44.900 56065.38070870 43.57   6.561016   8.362590   -100 -100.00 -100.00 -100.00
 142    44.752 56065.38070929 47.89   6.561931   8.365087   -100 -100.00 -100.00 -100.00
 143    46.116 56075.29635405 43.51   6.559725   8.362739   -100 -100.00 -100.00 -100.00
 143    45.676 56075.29635464 47.90   6.560640   8.365235   -100 -100.00 -100.00 -100.00
 144    46.208 56085.21200331 48.42   6.556777   8.364756   -100 -100.00 -100.00 -100.00
 144    45.953 56085.21200390 48.88   6.557692   8.367252 29.363 -100.00 -100.00 -100.00
 145    45.894 56095.12764952 48.69   6.554971   8.363957 11.092 -100.00 -100.00 -100.00
 145    46.066 56095.12765011 49.68   6.555886   8.366453  2.462 -100.00 -100.00 -100.00
 146    45.922 56105.04329420 46.10   6.556062   8.365026   -100 -100.00 -100.00 -100.00
 146    46.169 56105.04329479 46.88   6.556977   8.367522   -100 -100.00 -100.00 -100.00
 147   110.037 56114.95892378 21.59   6.557073   8.363153 23.781 -100.00 -100.00 -100.00
 147   109.625 56114.95892437 23.14   6.557989   8.365649   -100 -100.00 -100.00 -100.00
 148   117.127 56124.87456172 14.49   6.559249   8.363095  5.980 -100.00 -100.00 -100.00
 148   112.624 56124.87456231 21.40   6.560165   8.365591 15.373 -100.00 -100.00 -100.00
 149    47.098 56134.79019562 30.87   6.561143   8.362131 25.149 -100.00 -100.00 -100.00
 149    46.334 56134.79019621 35.93   6.562058   8.364626   -100 -100.00 -100.00 -100.00
 150    47.763 56144.70583616 47.75   6.560153   8.360993   -100 -100.00 -100.00 -100.00
 150    47.800 56144.70583675 49.70   6.561068   8.363489   -100 -100.00 -100.00 -100.00
 151    47.529 56154.62148681 41.56   6.558010   8.363181   -100 -100.00 -100.00 -100.00
 151    47.763 56154.62148740 39.16   6.558925   8.365677   -100 -100.00 -100.00 -100.00
 154    96.944 56184.36842570 25.71   6.558243   8.363918 12.899 -100.00 -100.00 -100.00
 154    96.156 56184.36842629 27.49   6.559158   8.366414 18.819 -100.00 -100.00 -100.00
 157    49.237 56214.11533171 52.29   6.559544   8.360746 16.496 -100.00 -100.00 -100.00
 157    49.205 56214.11533230 54.96   6.560459   8.363241 31.434 -100.00 -100.00 -100.00
 157    49.197 56214.11533289 51.71   6.561374   8.365737 16.551 -100.00 -100.00 -100.00
 159   110.284 56233.94662240 23.37   6.560476   8.360673   -100 -100.00 -100.00 -100.00
 159   110.132 56233.94662299 28.50   6.561391   8.363169   -100 -100.00 -100.00 -100.00
 160    47.094 56243.86227422 50.01   6.558805   8.361290 20.950 -100.00 -100.00 -100.00
 160    47.166 56243.86227481 50.02   6.559720   8.363786 20.532 -100.00 -100.00 -100.00
 161    46.810 56253.77792200 52.99   6.557609   8.364383 24.251 -100.00 -100.00 -100.00
 161    46.819 56253.77792259 53.95   6.558525   8.366878 26.471 -100.00 -100.00 -100.00
 162    46.395 56263.69356508 44.21   6.556108   8.364631   -100 -100.00 -100.00 -100.00
 162    46.352 56263.69356567 44.42   6.557023   8.367127   -100 -100.00 -100.00 -100.00
 163    46.797 56273.60920640 47.57   6.555432   8.363823   -100 -100.00 -100.00 -100.00
 163    46.885 56273.60920699 47.86   6.556348   8.366319   -100 -100.00 -100.00 -100.00
 164    46.918 56283.52485070 47.66   6.556062   8.363993   -100 -100.00 -100.00 -100.00
 164    46.965 56283.52485129 49.96   6.556977   8.366489   -100 -100.00 -100.00 -100.00
 165    46.392 56293.44050298 47.69   6.555617   8.365270   -100 -100.00 -100.00 -100.00
 165    46.335 56293.44050357 51.04   6.556532   8.367766 19.525 -100.00 -100.00 -100.00
 166    46.504 56303.35615036 47.97   6.554446   8.364790   -100 -100.00 -100.00 -100.00
 166    46.430 56303.35615095 51.81   6.555361   8.367286   -100 -100.00 -100.00 -100.00
 167    46.455 56313.27179376 43.53   6.553593   8.365833   -100 -100.00 -100.00 -100.00
 167    46.484 56313.27179435 48.80   6.554508   8.368329   -100 -100.00 -100.00 -100.00
 168    46.177 56323.18743448 50.64   6.552896   8.365646   -100 -100.00 -100.00 -100.00
 168    46.206 56323.18743508 51.75   6.553812   8.368142  5.011 -100.00 -100.00 -100.00
 169    46.265 56333.10307412 37.35   6.553240   8.363968 31.881 -100.00 -100.00 -100.00
 169    46.093 56333.10307471 35.25   6.554156   8.366464 29.720 -100.00 -100.00 -100.00
 169    46.239 56333.10307530 36.57   6.555071   8.368960   -100 -100.00 -100.00 -100.00
 170    46.141 56343.01871393 48.84   6.556239   8.364756   -100 -100.00 -100.00 -100.00
 170    46.141 56343.01871452 52.03   6.557154   8.367252   -100 -100.00 -100.00 -100.00
 171    46.618 56352.93435073 45.85   6.559071   8.362066 24.118 -100.00 -100.00 -100.00
 171    46.703 56352.93435132 47.89   6.559987   8.364562 28.075 -100.00 -100.00 -100.00
 172    46.581 56362.84999236 45.78   6.559926   8.361773   -100 -100.00 -100.00 -100.00
 172    46.308 56362.84999295 47.58   6.560842   8.364269   -100 -100.00 -100.00 -100.00
 175    46.711 56392.59693257 34.57   6.552345   8.365999   -100 -100.00 -100.00 -100.00
 175    46.726 56392.59693316 33.38   6.553260   8.368496   -100 -100.00 -100.00 -100.00
 176    46.432 56402.51257544 40.18   6.553498   8.365442  0.129 -100.00 -100.00 -100.00
 176    46.349 56402.51257603 32.87   6.554413   8.367938   -100 -100.00 -100.00 -100.00
 177    46.371 56412.42821524 47.11   6.555663   8.363366   -100 -100.00 -100.00 -100.00
 177    46.406 56412.42821583 48.70   6.556579   8.365863   -100 -100.00 -100.00 -100.00
 178    46.606 56422.34385037 46.09   6.559518   8.362751   -100 -100.00 -100.00 -100.00
 178    46.722 56422.34385096 49.04   6.560433   8.365247   -100 -100.00 -100.00 -100.00
 179    46.472 56432.25949159 44.86   6.559484   8.362395   -100 -100.00 -100.00 -100.00
 179    46.411 56432.25949218 47.74   6.560400   8.364891   -100 -100.00 -100.00 -100.00
 181    46.020 56452.09079320 48.87   6.552494   8.364909   -100 -100.00 -100.00 -100.00
 181    46.019 56452.09079379 49.08   6.553409   8.367405   -100 -100.00 -100.00 -100.00
 182    45.758 56462.00644029 49.07   6.552593   8.365046 11.461 -100.00 -100.00 -100.00
 182    45.918 56462.00644088 50.28   6.553508   8.367542   -100 -100.00 -100.00 -100.00
 183    46.529 56471.92208418 48.11   6.553945   8.364995 18.675 -100.00 -100.00 -100.00
 183    46.534 56471.92208477 48.06   6.554860   8.367491 19.120 -100.00 -100.00 -100.00
 184    46.659 56481.83772486 48.72   6.556014   8.365541   -100 -100.00 -100.00 -100.00
 184    46.742 56481.83772545 52.78   6.556929   8.368037  4.120 -100.00 -100.00 -100.00
 185   112.127 56491.75336168 19.95   6.556983   8.364775 21.451 -100.00 -100.00 -100.00
 185   107.945 56491.75336227 18.36   6.557899   8.367270   -100 -100.00 -100.00 -100.00
 186    47.578 56501.66899596 46.86   6.557943   8.362408   -100 -100.00 -100.00 -100.00
 186    47.347 56501.66899655 50.16   6.558859   8.364904   -100 -100.00 -100.00 -100.00
 187    46.438 56511.58462940 46.08   6.561121   8.361297   -100 -100.00 -100.00 -100.00
 187    46.448 56511.58462999 47.60   6.562037   8.363793   -100 -100.00 -100.00 -100.00
 188    46.184 56521.50027559 46.98   6.561513   8.361237   -100 -100.00 -100.00 -100.00
 188    46.042 56521.50027618 50.26   6.562428   8.363733   -100 -100.00 -100.00 -100.00
 189    46.155 56531.41592899 46.22   6.559864   8.362377   -100 -100.00 -100.00 -100.00
 189    46.116 56531.41592958 48.95   6.560779   8.364873   -100 -100.00 -100.00 -100.00
 192    47.777 56561.16286638 50.88   6.555130   8.365910   -100 -100.00 -100.00 -100.00
 192    47.847 56561.16286697 51.90   6.556045   8.368405   -100 -100.00 -100.00 -100.00
 193    48.036 56571.07850737 50.95   6.554260   8.364607   -100 -100.00 -100.00 -100.00
 193    48.164 56571.07850796 51.22   6.555175   8.367103   -100 -100.00 -100.00 -100.00
 194   111.004 56580.99414752 23.87   6.556509   8.365104 14.073 -100.00 -100.00 -100.00
 194    97.230 56580.99414811 20.47   6.557424   8.367600 24.822 -100.00 -100.00 -100.00
 195    47.662 56590.90978307 49.22   6.560531   8.362486   -100 -100.00 -100.00 -100.00
 195    47.539 56590.90978366 53.03   6.561446   8.364982 12.475 -100.00 -100.00 -100.00
 196   110.339 56600.82543050 19.55   6.559648   8.360735 21.097 -100.00 -100.00 -100.00
 196   109.544 56600.82543109 21.87   6.560563   8.363230 29.315 -100.00 -100.00 -100.00
 197    46.897 56610.74108122 48.89   6.557480   8.363902   -100 -100.00 -100.00 -100.00
 197    46.986 56610.74108181 51.29   6.558396   8.366398   -100 -100.00 -100.00 -100.00
 198    47.021 56620.65672683 47.24   6.554985   8.363828   -100 -100.00 -100.00 -100.00
 198    47.311 56620.65672742 47.96   6.555901   8.366324   -100 -100.00 -100.00 -100.00
 199    46.292 56630.57236977 47.64   6.554292   8.364156   -100 -100.00 -100.00 -100.00
 199    46.537 56630.57237036 49.19   6.555207   8.366652   -100 -100.00 -100.00 -100.00
 200    46.252 56640.48800926 30.93   6.556563   8.364051 32.136 -100.00 -100.00 -100.00
 200    46.303 56640.48800985 29.52   6.557478   8.366547 28.769 -100.00 -100.00 -100.00
 201    46.464 56650.40365670 49.27   6.557281   8.363889   -100 -100.00 -100.00 -100.00
 201    46.396 56650.40365729 50.38   6.558197   8.366385   -100 -100.00 -100.00 -100.00
 202    94.050 56660.31930760 21.82   6.555323   8.363735 13.286 -100.00 -100.00 -100.00
 202    93.969 56660.31930819 25.83   6.556239   8.366231 16.214 -100.00 -100.00 -100.00
 203    46.932 56670.23495512 49.13   6.553821   8.365535   -100 -100.00 -100.00 -100.00
 203    46.947 56670.23495571 50.91   6.554737   8.368031   -100 -100.00 -100.00 -100.00
 204    46.880 56680.15059972 52.87   6.552302   8.365173   -100 -100.00 -100.00 -100.00
 204    46.837 56680.15060031 49.05   6.553217   8.367669   -100 -100.00 -100.00 -100.00
 205    45.618 56690.06624284 48.14   6.553271   8.365819  8.367 -100.00 -100.00 -100.00
 205    45.596 56690.06624343 51.35   6.554187   8.368315 26.365 -100.00 -100.00 -100.00
 206    46.367 56699.98188239 47.92   6.555460   8.364018   -100 -100.00 -100.00 -100.00
 206    46.377 56699.98188298 48.96   6.556375   8.366514   -100 -100.00 -100.00 -100.00
 207    46.347 56709.89751740 44.68   6.558817   8.362356   -100 -100.00 -100.00 -100.00
 207    46.118 56709.89751799 46.17   6.559732   8.364852  2.694 -100.00 -100.00 -100.00
 209    46.437 56729.72881098 48.87   6.555230   8.364919   -100 -100.00 -100.00 -100.00
 209    46.662 56729.72881157 50.82   6.556145   8.367416   -100 -100.00 -100.00 -100.00
 210    45.879 56739.64445906 51.32   6.551675   8.364358 28.526 -100.00 -100.00 -100.00
 210    45.893 56739.64445965 52.29   6.552590   8.366854 31.610 -100.00 -100.00 -100.00
 210    45.903 56739.64446024 52.25   6.553506   8.369350 27.487 -100.00 -100.00 -100.00
 211    45.615 56749.56010360 48.13   6.550953   8.364379 10.401 -100.00 -100.00 -100.00
 211    45.899 56749.56010419 49.24   6.551868   8.366875   -100 -100.00 -100.00 -100.00
 211    45.756 56749.56010478 50.03   6.552784   8.369371  5.963 -100.00 -100.00 -100.00
 212    45.359 56759.47574343 40.94   6.553453   8.363711  3.016 -100.00 -100.00 -100.00
 212    45.378 56759.47574402 42.20   6.554368   8.366208 21.896 -100.00 -100.00 -100.00
 212    45.451 56759.47574461 43.19   6.555284   8.368704 24.757 -100.00 -100.00 -100.00
 215    46.399 56789.22268191 49.88   6.552758   8.364379   -100 -100.00 -100.00 -100.00
 215    46.201 56789.22268250 50.11   6.553673   8.366875  4.242 -100.00 -100.00 -100.00
 215    46.178 56789.22268309 52.02   6.554589   8.369371 27.331 -100.00 -100.00 -100.00
 216    46.430 56799.13833335 50.02   6.548843   8.364885   -100 -100.00 -100.00 -100.00
 216    46.517 56799.13833394 49.22   6.549759   8.367381   -100 -100.00 -100.00 -100.00
 216    46.411 56799.13833453 52.19   6.550674   8.369877   -100 -100.00 -100.00 -100.00
 217    46.434 56809.05397912 50.68   6.548506   8.366832  2.010 -100.00 -100.00 -100.00
 217    46.385 56809.05397971 50.99   6.549421   8.369328   -100 -100.00 -100.00 -100.00
 218    46.565 56818.96961916 48.96   6.550574   8.366467   -100 -100.00 -100.00 -100.00
 218    46.262 56818.96961975 52.32   6.551490   8.368963 16.097 -100.00 -100.00 -100.00
 219    46.386 56828.88525516 46.91   6.553552   8.363923   -100 -100.00 -100.00 -100.00
 219    46.109 56828.88525575 49.17   6.554467   8.366419 11.498 -100.00 -100.00 -100.00
 219    46.175 56828.88525635 52.36   6.555383   8.368915 22.087 -100.00 -100.00 -100.00
 220    46.650 56838.80088865 47.35   6.557782   8.363350   -100 -100.00 -100.00 -100.00
 220    46.868 56838.80088924 49.21   6.558697   8.365845   -100 -100.00 -100.00 -100.00
 221    46.343 56848.71652013 46.19   6.561097   8.361984   -100 -100.00 -100.00 -100.00
 221    46.515 56848.71652072 48.77   6.562012   8.364480   -100 -100.00 -100.00 -100.00
 222    46.754 56858.63217502 48.21   6.557703   8.364383   -100 -100.00 -100.00 -100.00
 222    46.627 56858.63217561 48.96   6.558619   8.366879   -100 -100.00 -100.00 -100.00
 223    45.656 56868.54782891 39.72   6.555503   8.365737  7.288 -100.00 -100.00 -100.00
 223    45.508 56868.54782950 39.08   6.556419   8.368233  9.522 -100.00 -100.00 -100.00
 224    46.356 56878.46348006 46.38   6.553363   8.363760   -100 -100.00 -100.00 -100.00
 224    46.632 56878.46348065 47.19   6.554278   8.366256   -100 -100.00 -100.00 -100.00
 224    46.511 56878.46348125 49.64   6.555194   8.368751  3.147 -100.00 -100.00 -100.00
 225    46.155 56888.37912855 46.13   6.552508   8.364508   -100 -100.00 -100.00 -100.00
 225    46.162 56888.37912914 46.34   6.553424   8.367004  9.230 -100.00 -100.00 -100.00
 225    46.194 56888.37912973 48.09   6.554339   8.369500 21.992 -100.00 -100.00 -100.00
 226    47.417 56898.29477407 51.84   6.551242   8.365001   -100 -100.00 -100.00 -100.00
 226    47.475 56898.29477466 48.76   6.552158   8.367497 27.635 -100.00 -100.00 -100.00
 226    47.563 56898.29477525 51.45   6.553073   8.369993 28.859 -100.00 -100.00 -100.00
 227    48.005 56908.21041707 50.97   6.550153   8.366439   -100 -100.00 -100.00 -100.00
 227    47.956 56908.21041766 53.11   6.551068   8.368935  3.969 -100.00 -100.00 -100.00
 229    48.641 56928.04169610 52.15   6.551926   8.364733  6.453 -100.00 -100.00 -100.00
 229    48.744 56928.04169669 50.30   6.552842   8.367229   -100 -100.00 -100.00 -100.00
 229    48.436 56928.04169728 52.44   6.553757   8.369725 26.406 -100.00 -100.00 -100.00
 230   100.648 56937.95733115 24.00   6.556669   8.365166 11.191 -100.00 -100.00 -100.00
 230    98.208 56937.95733174 21.77   6.557585   8.367662 28.158 -100.00 -100.00 -100.00
 231    48.390 56947.87296329 52.08   6.560723   8.361915   -100 -100.00 -100.00 -100.00
 231    48.421 56947.87296388 52.98   6.561638   8.364411   -100 -100.00 -100.00 -100.00
 232    47.701 56957.78861692 50.23   6.558146   8.363609  2.433 -100.00 -100.00 -100.00
 232    47.776 56957.78861751 51.15   6.559061   8.366104   -100 -100.00 -100.00 -100.00
 233    46.935 56967.70426558 48.05   6.556032   8.365840   -100 -100.00 -100.00 -100.00
 233    46.955 56967.70426618 50.35   6.556948   8.368336 10.618 -100.00 -100.00 -100.00
 234    46.750 56977.61991009 47.32   6.554882   8.365737   -100 -100.00 -100.00 -100.00
 234    46.957 56977.61991068 51.02   6.555797   8.368233   -100 -100.00 -100.00 -100.00
 235    46.130 56987.53555003 45.23   6.555485   8.364007   -100 -100.00 -100.00 -100.00
 235    46.189 56987.53555062 47.43   6.556401   8.366503   -100 -100.00 -100.00 -100.00
 236    46.395 56997.45118436 44.23   6.559297   8.362750 29.767 -100.00 -100.00 -100.00
 236    46.229 56997.45118495 47.21   6.560213   8.365246   -100 -100.00 -100.00 -100.00
 237    93.438 57007.36683180 17.77   6.558841   8.361819 10.864 -100.00 -100.00 -100.00
 237    92.823 57007.36683239 20.83   6.559756   8.364315 14.281 -100.00 -100.00 -100.00
 238    94.684 57017.28248614 16.77   6.556586   8.364402 10.181 -100.00 -100.00 -100.00
 238    93.726 57017.28248673 24.96   6.557502   8.366898 18.857 -100.00 -100.00 -100.00
 239    46.797 57027.19813633 49.37   6.554222   8.365331   -100 -100.00 -100.00 -100.00
 239    46.759 57027.19813692 50.36   6.555138   8.367827   -100 -100.00 -100.00 -100.00
 240    46.274 57037.11378407 45.05   6.552393   8.364264   -100 -100.00 -100.00 -100.00
 240    46.262 57037.11378466 49.18   6.553309   8.366760 14.589 -100.00 -100.00 -100.00
 240    46.579 57037.11378525 48.06   6.554224   8.369256   -100 -100.00 -100.00 -100.00
 241    46.757 57047.02942994 49.11   6.553573   8.365882   -100 -100.00 -100.00 -100.00
 241    46.743 57047.02943053 51.14   6.554488   8.368378   -100 -100.00 -100.00 -100.00
 242    46.775 57056.94507164 47.35   6.555286   8.364527 29.075 -100.00 -100.00 -100.00
 242    46.644 57056.94507223 49.18   6.556201   8.367023   -100 -100.00 -100.00 -100.00
 243    46.061 57066.86070830 46.21   6.557808   8.364395   -100 -100.00 -100.00 -100.00
 243    46.281 57066.86070889 49.02   6.558724   8.366892   -100 -100.00 -100.00 -100.00
 244    46.676 57076.77634008 46.28   6.558743   8.361361   -100 -100.00 -100.00 -100.00
 244    46.783 57076.77634067 47.15   6.559659   8.363857   -100 -100.00 -100.00 -100.00
 245    46.176 57086.69197066 46.48   6.561550   8.361295   -100 -100.00 -100.00 -100.00
 245    46.300 57086.69197125 49.22   6.562465   8.363791   -100 -100.00 -100.00 -100.00
 246    45.969 57096.60763016 46.37   6.557373   8.364719   -100 -100.00 -100.00 -100.00
 246    45.889 57096.60763075 48.40   6.558288   8.367216   -100 -100.00 -100.00 -100.00
 247    46.175 57106.52328631 45.17   6.554219   8.365022 26.968 -100.00 -100.00 -100.00
 247    45.698 57106.52328690 49.05   6.555135   8.367518   -100 -100.00 -100.00 -100.00
 248    45.897 57116.43893784 47.41   6.553749   8.365105   -100 -100.00 -100.00 -100.00
 248    45.683 57116.43893843 46.99   6.554664   8.367601   -100 -100.00 -100.00 -100.00
 249    45.786 57126.35458299 45.10   6.553978   8.364932 31.759 -100.00 -100.00 -100.00
 249    45.238 57126.35458358 49.44   6.554893   8.367428 21.991 -100.00 -100.00 -100.00
 250    45.911 57136.27022285 46.01   6.554809   8.366056   -100 -100.00 -100.00 -100.00
 250    45.902 57136.27022344 48.47   6.555724   8.368552   -100 -100.00 -100.00 -100.00
 251    45.444 57146.18585783 27.98   6.556151   8.364537   -100 -100.00 -100.00 -100.00
 251    45.470 57146.18585842 24.97   6.557067   8.367033 24.287 -100.00 -100.00 -100.00
 252    45.796 57156.10149017 26.65   6.558805   8.362191 19.957 -100.00 -100.00 -100.00
 252    46.165 57156.10149076 24.19   6.559721   8.364687 12.250 -100.00 -100.00 -100.00
 253    45.367 57166.01713157 44.38   6.559897   8.360983   -100 -100.00 -100.00 -100.00
 253    45.633 57166.01713216 45.01   6.560813   8.363479   -100 -100.00 -100.00 -100.00
 254    45.951 57175.93278802 44.99   6.558111   8.363999 29.553 -100.00 -100.00 -100.00
 254    45.497 57175.93278861 48.22   6.559026   8.366495   -100 -100.00 -100.00 -100.00
 255    45.425 57185.84844037 31.76   6.556514   8.365209   -100 -100.00 -100.00 -100.00
 255    45.737 57185.84844096 26.08   6.557429   8.367705 20.628 -100.00 -100.00 -100.00
 256    94.678 57195.76408845 14.81   6.554814   8.364696  8.799 -100.00 -100.00 -100.00
 256    92.564 57195.76408904 22.08   6.555730   8.367192 21.517 -100.00 -100.00 -100.00
 257    45.561 57205.67972362 25.84   6.554006   8.366025 25.053 -100.00 -100.00 -100.00
 257    45.610 57205.67972421 29.67   6.554922   8.368521   -100 -100.00 -100.00 -100.00
 258    45.668 57215.59536904 47.38   6.553717   8.366137   -100 -100.00 -100.00 -100.00
 258    45.464 57215.59536963 51.44   6.554633   8.368632   -100 -100.00 -100.00 -100.00
 259    94.864 57225.51101291 20.91   6.554420   8.364262 14.387 -100.00 -100.00 -100.00
 259    94.002 57225.51101350 25.36   6.555335   8.366758 18.910 -100.00 -100.00 -100.00
 260    46.035 57235.42665554 42.95   6.556878   8.365346   -100 -100.00 -100.00 -100.00
 260    45.728 57235.42665613 48.56   6.557793   8.367842 24.808 -100.00 -100.00 -100.00
 261    46.717 57245.34229412 47.24   6.558099   8.364232   -100 -100.00 -100.00 -100.00
 261    46.400 57245.34229471 49.57   6.559014   8.366728 21.421 -100.00 -100.00 -100.00
 262    46.636 57255.25792989 46.23   6.558708   8.363246   -100 -100.00 -100.00 -100.00
 262    46.585 57255.25793048 48.47   6.559623   8.365741 14.826 -100.00 -100.00 -100.00
 263    46.948 57265.17356435 43.74   6.559711   8.362864   -100 -100.00 -100.00 -100.00
 263    46.977 57265.17356494 46.27   6.560627   8.365360   -100 -100.00 -100.00 -100.00
 264    47.607 57275.08920590 48.59   6.560271   8.362488   -100 -100.00 -100.00 -100.00
 264    47.493 57275.08920649 51.40   6.561187   8.364984  3.459 -100.00 -100.00 -100.00
 265    99.104 57285.00486239 26.20   6.558017   8.362070 12.838 -100.00 -100.00 -100.00
 265    97.227 57285.00486298 23.25   6.558933   8.364566 13.222 -100.00 -100.00 -100.00
 267    48.966 57304.83616728 50.05   6.556031   8.365106  6.175 -100.00 -100.00 -100.00
 267    48.723 57304.83616787 46.34   6.556946   8.367602 13.792 -100.00 -100.00 -100.00
 268    95.735 57314.75181381 20.95   6.553417   8.364594  3.995 -100.00 -100.00 -100.00
 268    95.797 57314.75181440 29.28   6.554332   8.367090 24.195 -100.00 -100.00 -100.00
 269    94.512 57324.66745787 27.50   6.551748   8.366071   -100 -100.00 -100.00 -100.00
 269    95.161 57324.66745846 28.25   6.552664   8.368567 15.665 -100.00 -100.00 -100.00
 270    46.900 57334.58309967 50.88   6.551357   8.364384   -100 -100.00 -100.00 -100.00
 270    47.013 57334.58310026 53.29   6.552273   8.366879  0.744 -100.00 -100.00 -100.00
 270    47.010 57334.58310085 53.46   6.553188   8.369375  5.638 -100.00 -100.00 -100.00
 271    93.262 57344.49874029 24.96   6.554140   8.364735   -100 -100.00 -100.00 -100.00
 271    92.863 57344.49874088 17.98   6.555055   8.367231   -100 -100.00 -100.00 -100.00
 272    46.697 57354.41439499 43.00   6.552492   8.366045   -100 -100.00 -100.00 -100.00
 272    46.624 57354.41439558 40.60   6.553408   8.368541   -100 -100.00 -100.00 -100.00
 273    46.630 57364.33003891 53.51   6.552346   8.363890   -100 -100.00 -100.00 -100.00
 273    46.750 57364.33003950 52.35   6.553262   8.366386   -100 -100.00 -100.00 -100.00
 273    46.396 57364.33004009 55.22   6.554177   8.368881  5.772 -100.00 -100.00 -100.00
 274    46.078 57374.24567978 48.05   6.553218   8.364131   -100 -100.00 -100.00 -100.00
 274    46.036 57374.24568037 49.22   6.554133   8.366627   -100 -100.00 -100.00 -100.00
 274    45.983 57374.24568096 53.64   6.555049   8.369123 30.502 -100.00 -100.00 -100.00
 275    46.077 57384.16131853 48.54   6.554439   8.364173   -100 -100.00 -100.00 -100.00
 275    46.013 57384.16131912 49.30   6.555354   8.366669  4.825 -100.00 -100.00 -100.00
 276    46.130 57394.07695652 48.61   6.556539   8.363242   -100 -100.00 -100.00 -100.00
 276    46.112 57394.07695711 49.17   6.557455   8.365738   -100 -100.00 -100.00 -100.00
 277    46.104 57403.99259334 46.27   6.559480   8.360898   -100 -100.00 -100.00 -100.00
 277    46.379 57403.99259393 46.44   6.560396   8.363394   -100 -100.00 -100.00 -100.00
 278    46.206 57413.90823956 46.62   6.560485   8.361712   -100 -100.00 -100.00 -100.00
 278    46.147 57413.90824015 49.60   6.561401   8.364208   -100 -100.00 -100.00 -100.00
 280    46.391 57433.73953997 46.28   6.555117   8.365558   -100 -100.00 -100.00 -100.00
 280    46.489 57433.73954056 47.70   6.556032   8.368055   -100 -100.00 -100.00 -100.00
 281    46.317 57443.65518672 52.89   6.552005   8.365186 13.605 -100.00 -100.00 -100.00
 281    46.285 57443.65518731 52.55   6.552920   8.367682 18.278 -100.00 -100.00 -100.00
 282    46.249 57453.57083306 32.81   6.551271   8.364431   -100 -100.00 -100.00 -100.00
 282    46.375 57453.57083365 30.53   6.552186   8.366927 31.458 -100.00 -100.00 -100.00
 282    46.370 57453.57083424 33.26   6.553102   8.369424   -100 -100.00 -100.00 -100.00
 283    46.224 57463.48647840 50.76   6.553554   8.366158   -100 -100.00 -100.00 -100.00
 283    46.183 57463.48647899 52.34   6.554470   8.368655   -100 -100.00 -100.00 -100.00
 284    46.639 57473.40211917 48.60   6.556251   8.363535   -100 -100.00 -100.00 -100.00
 284    46.749 57473.40211977 49.75   6.557166   8.366031   -100 -100.00 -100.00 -100.00
 285    46.044 57483.31775661 39.51   6.559026   8.363714   -100 -100.00 -100.00 -100.00
 285    46.293 57483.31775721 34.88   6.559941   8.366210   -100 -100.00 -100.00 -100.00
 286   111.913 57493.23339030 16.89   6.559826   8.362401 15.903 -100.00 -100.00 -100.00
 286   110.917 57493.23339089 23.90   6.560741   8.364897   -100 -100.00 -100.00 -100.00
 287    45.976 57503.14902146 47.70   6.560975   8.359600   -100 -100.00 -100.00 -100.00
 287    46.077 57503.14902205 47.66   6.561890   8.362097   -100 -100.00 -100.00 -100.00
 290    46.302 57532.89598019 47.64   6.556991   8.364433   -100 -100.00 -100.00 -100.00
 290    46.122 57532.89598078 48.41   6.557907   8.366929  0.443 -100.00 -100.00 -100.00
 291    46.999 57542.81162889 48.50   6.555742   8.364005   -100 -100.00 -100.00 -100.00
 291    47.017 57542.81162948 48.72   6.556657   8.366501   -100 -100.00 -100.00 -100.00
 292    46.891 57552.72727542 50.43   6.554775   8.365124   -100 -100.00 -100.00 -100.00
 292    46.831 57552.72727601 47.90   6.555690   8.367620  0.559 -100.00 -100.00 -100.00
 293    46.888 57562.64292022 50.72   6.553333   8.363992 20.393 -100.00 -100.00 -100.00
 293    47.011 57562.64292081 50.81   6.554248   8.366488   -100 -100.00 -100.00 -100.00
 293    47.086 57562.64292140 49.18   6.555164   8.368984   -100 -100.00 -100.00 -100.00
 294    46.954 57572.55856541 49.53   6.553721   8.365366   -100 -100.00 -100.00 -100.00
 294    46.952 57572.55856600 51.51   6.554637   8.367861  3.400 -100.00 -100.00 -100.00
 295    47.195 57582.47421040 50.35   6.554882   8.365999   -100 -100.00 -100.00 -100.00
 295    46.978 57582.47421099 51.73   6.555797   8.368495 17.409 -100.00 -100.00 -100.00
 296    47.787 57592.38985296 49.69   6.555746   8.364184   -100 -100.00 -100.00 -100.00
 296    47.838 57592.38985355 50.46   6.556662   8.366680   -100 -100.00 -100.00 -100.00
 297    48.112 57602.30549323 36.14   6.556534   8.364153 29.702 -100.00 -100.00 -100.00
 297    48.130 57602.30549382 35.59   6.557449   8.366649 25.686 -100.00 -100.00 -100.00
