-279097.399   -20.794     0.00    2.80
-278808.001   -20.699     0.33    2.71
-278518.600   -20.192     1.75    2.86
-278229.196   -19.768     1.47    2.87
-277939.789   -19.590     0.61    2.80
-277650.378   -18.514     3.72    3.10
-277360.965   -17.821     2.39    3.10
-277071.548   -16.923     3.10    2.76
-276782.129   -15.996     3.20    2.81
-276492.706   -15.574     1.46    3.02
-276203.280   -14.973     2.08    3.08
-275913.852   -14.354     2.14    3.12
-275624.420   -14.051     1.05    2.87
-275334.985   -13.443     2.10    3.39
-275045.547   -13.351     0.32    3.28
-274756.106   -12.984     1.27    3.00
-274466.662   -12.563     1.46    3.11
-274177.214   -13.183    -2.14    4.16
-273887.764   -14.964    -6.15    5.83
-273598.311   -16.624    -5.73    6.63
-273308.854   -18.509    -6.51    7.03
-273019.395   -20.334    -6.31    7.31
-272729.932   -22.251    -6.62    6.98
-272440.467   -25.095    -9.83    5.26
-272150.998   -27.268    -7.50    4.40
-271861.526   -28.302    -3.57    4.28
-271572.051   -28.694    -1.35    4.54
-271282.573   -29.319    -2.16    4.56
-270993.092   -29.934    -2.12    4.74
-270703.607   -29.768     0.58    4.75
-270414.120   -29.674     0.32    4.77
-270124.630   -29.514     0.56    4.79
-269835.136   -29.884    -1.28    5.18
-269545.640   -29.601     0.98    4.93
-269256.140   -29.162     1.51    4.68
-268966.637   -29.044     0.41    4.59
-268677.131   -28.844     0.69    4.62
-268387.622   -28.505     1.17    4.67
-268098.110   -28.087     1.44    4.86
-267808.595   -27.371     2.47    4.81
-267519.076   -27.051     1.11    4.81
-267229.555   -26.268     2.71    4.56
-266940.030   -26.584    -1.09    4.52
-266650.503   -26.318     0.92    4.21
-266360.972   -26.522    -0.71    3.91
-266071.438   -26.934    -1.42    3.18
-265781.901   -27.234    -1.03    3.29
-265492.361   -27.047     0.64    3.27
-265202.817   -27.009     0.13    3.36
-264913.271   -26.907     0.35    3.23
-264623.722   -26.434     1.63    3.17
-264334.169   -26.338     0.33    3.46
-264044.613   -26.505    -0.58    3.41
-263755.054   -27.026    -1.80    4.23
-263465.960   -28.034    -3.49    4.46
-263177.069   -28.810    -2.68    4.38
-262888.175   -29.149    -1.17    4.35
-262599.278   -29.768    -2.14    4.21
-262310.377   -29.987    -0.76    4.26
-262021.474   -29.710     0.96    4.50
-261732.567   -29.434     0.96    4.50
-261443.658   -28.510     3.20    4.76
-261154.745   -27.619     3.08    5.07
-260865.829   -26.664     3.30    5.02
-260576.910   -26.147     1.79    5.08
-260287.988   -24.768     4.77    4.70
-259999.062   -24.350     1.45    4.58
-259710.134   -23.233     3.86    3.72
-259421.202   -21.810     4.93    5.29
-259132.268   -21.893    -0.29    4.11
-258843.330   -21.488     1.40    4.21
-258554.389   -22.187    -2.42    3.97
-258265.445   -22.929    -2.57    3.32
-257976.498   -22.968    -0.13    3.57
-257687.547   -23.426    -1.58    3.47
-257398.594   -22.369     3.66    5.84
-257109.637   -22.034     1.16    6.58
-256820.677   -22.251    -0.75    7.06
-256531.714   -19.655     8.98   10.82
-256242.748   -18.388     4.38   12.66
-255953.779   -15.984     8.32   15.73
-255664.807   -13.857     7.36   16.79
-255375.831   -12.977     3.04   17.90
-255086.853   -11.742     4.27   18.11
-254797.871   -11.923    -0.63   18.47
-254508.886   -12.544    -2.15   18.55
-254219.898   -12.443     0.35   18.34
-253930.907   -12.651    -0.72   17.97
-253641.912   -14.216    -5.41   16.98
-253352.915   -14.874    -2.28   15.86
-253063.914   -15.734    -2.98   14.23
-252774.910   -17.664    -6.68   11.89
-252485.903   -18.733    -3.70    9.13
-252196.893   -18.837    -0.36    6.70
-251907.879   -18.628     0.72    3.89
-251618.863   -17.854     2.68    3.13
-251329.843   -17.607     0.86    3.26
-251040.820   -17.199     1.41    3.36
-250751.794   -16.319     3.04    3.23
-250462.765   -15.639     2.36    3.76
-250173.733   -14.551     3.76    4.31
-249884.697   -13.022     5.29    5.57
-249595.658   -11.776     4.31    6.00
-249306.616   -10.595     4.09    6.48
-249017.571    -9.539     3.65    6.58
-248728.523    -7.184     8.15    9.01
-248439.472    -3.956    11.17   11.86
-248150.417     0.663    15.98   13.63
-247861.359     6.549    20.36   14.48
-247572.298    12.250    19.72   14.24
-247283.234    16.966    16.31   10.15
-246994.167    20.618    12.63    5.84
-246705.096    21.376     2.62    5.08
-246416.022    20.566    -2.80    6.13
-246126.946    19.116    -5.02    8.22
-245837.865    19.563     1.55    8.32
-245548.782    20.439     3.03    8.39
-245259.696    20.798     1.24    9.70
-244970.606    22.649     6.40    9.17
-244681.513    24.855     7.63    6.31
-244392.417    25.546     2.39    5.80
-244103.318    26.836     4.46    4.67
-243814.215    28.099     4.37    4.65
-243525.109    29.868     6.12    4.44
-243236.001    31.032     4.03    4.62
-242946.888    32.129     3.79    4.53
-242657.773    33.381     4.33    3.82
-242368.655    33.880     1.72    3.97
-242079.533    35.499     5.60    3.92
-241790.408    36.765     4.38    4.32
-241501.280    37.232     1.62    4.24
-241212.149    37.991     2.62    4.01
-240923.014    38.784     2.74    3.96
-240633.876    40.939     7.45    3.99
-240344.735    41.650     2.46    4.34
-240055.591    42.405     2.61    4.47
-239766.443    41.817    -2.03    6.97
-239477.293    40.179    -5.67   11.23
-239188.139    37.936    -7.76   13.35
-238898.982    35.216    -9.40   14.47
-238609.822    34.342    -3.02   14.14
-238320.658    34.516     0.60   14.92
-238031.491    35.399     3.05   15.04
-237742.321    36.834     4.96   15.03
-237453.148    39.766    10.14   15.20
-237163.971    41.899     7.38   15.30
-236874.792    46.861    17.16   14.47
-236585.609    52.013    17.81   10.01
-236296.423    54.382     8.19    6.35
-236007.233    56.214     6.34    4.89
-235718.041    57.587     4.75    4.99
-235428.845    59.349     6.09    5.01
-235139.646    60.027     2.35    5.41
-234850.443    61.560     5.30    6.22
-234561.238    64.094     8.76    6.37
-234272.029    65.782     5.84    5.97
-233982.817    67.905     7.34    5.35
-233693.601    69.978     7.17    5.27
-233404.383    71.416     4.97    5.34
-233115.161    72.439     3.54    5.65
-232825.936    72.232    -0.72    8.45
-232536.707    69.974    -7.81   14.16
-232247.476    66.011   -13.70   18.51
-231958.241    62.319   -12.77   19.84
-231669.003    60.456    -6.44   19.81
-231379.761    59.767    -2.38   18.95
-231090.517    58.956    -2.80   18.35
-230801.269    60.329     4.75   18.94
-230512.018    61.882     5.37   20.24
-230222.763    66.949    17.52   21.72
-229933.506    71.452    15.57   22.34
-229644.245    76.853    18.67   21.25
-229354.980    82.016    17.85   19.35
-229065.713    87.832    20.11   14.83
-228776.442    93.571    19.84   12.59
-228487.168    98.750    17.90   11.39
-228197.891   104.799    20.91   10.94
-227908.610   108.662    13.35    9.75
-227619.326   110.847     7.55    8.71
-227330.039   113.478     9.09    7.74
-227040.749   114.478     3.46    7.87
-226751.455   114.953     1.64    8.34
-226462.158   114.648    -1.05    8.15
-226172.858   114.499    -0.51    7.69
-225883.555   115.250     2.59    8.55
-225594.248   114.216    -3.57   10.83
-225304.938   114.649     1.50   11.63
-225015.624   115.405     2.61   11.87
-224726.308   114.834    -1.97   14.11
-224436.988   117.370     8.77   12.83
-224147.664   118.306     3.23   12.94
-223858.338   121.077     9.58   10.82
-223569.008   123.032     6.76   11.00
-223279.675   124.353     4.56   11.12
-222990.338   127.786    11.86   11.78
-222700.999   130.603     9.74   12.13
-222411.656   132.366     6.09   10.55
-222122.309   130.910    -5.03   13.42
-221832.960   127.943   -10.25   17.54
-221543.607   121.612   -21.88   21.54
-221254.250   113.766   -27.11   24.03
-220964.891   102.665   -38.36   22.66
-220675.528    95.016   -26.43   18.02
-220386.162    90.353   -16.11   15.02
-220096.792    88.766    -5.48   15.62
-219807.419    87.943    -2.85   17.09
-219518.043    85.882    -7.12   16.60
-219228.664    83.191    -9.30   17.13
-218939.281    81.215    -6.83   17.53
-218649.895    74.949   -21.65   18.99
-218360.506    71.032   -13.53   17.94
-218071.113    66.071   -17.14   16.62
-217781.717    61.885   -14.47   12.18
-217492.318    60.849    -3.58   10.80
-217202.915    62.399     5.36   10.55
-216913.509    63.525     3.89    9.95
-216624.100    67.549    13.90   11.72
-216334.687    73.577    20.83   14.67
-216045.271    79.082    19.02   15.95
-215755.852    85.916    23.61   18.43
-215466.429    93.953    27.77   19.56
-215177.003   103.439    32.78   16.49
-214887.574   110.610    24.77   13.00
-214598.141   113.962    11.58   13.40
-214308.705   117.032    10.61   13.78
-214019.266   119.829     9.66   17.37
-213729.824   123.163    11.52   20.02
-213440.378   123.163     0.00   22.93
-213150.928   125.970     9.69   23.84
-212861.476   129.422    11.93   24.14
-212572.020   129.503     0.28   25.57
-212282.560   129.405    -0.34   24.13
-211993.097   128.529    -3.03   22.17
-211703.631   129.870     4.63   18.18
-211414.162   131.382     5.22   15.52
-211124.689   135.716    14.97   14.08
-210835.213   139.853    14.29   12.99
-210545.734   143.732    13.40   11.28
-210256.251   145.905     7.50   10.68
-209966.765   149.359    11.93    9.55
-209677.275   150.342     3.40   11.58
-209387.782   150.258    -0.29   13.00
-209098.286   151.159     3.11   14.33
-208808.786   153.750     8.95   14.94
-208519.283   157.082    11.51   16.12
-208229.777   162.991    20.41   16.27
-207940.267   168.281    18.27   17.36
-207650.754   175.232    24.01   17.60
-207361.238   180.582    18.48   16.19
-207071.718   185.732    17.79   14.72
-206782.195   190.364    16.00   13.25
-206492.668   193.011     9.14   11.57
-206203.138   195.832     9.74   10.17
-205913.605   196.474     2.22   10.70
-205624.068   198.309     6.34   11.05
-205334.528   199.887     5.45    9.96
-205044.985   201.282     4.82    9.05
-204755.438   203.767     8.58    7.72
-204465.887   205.798     7.01    6.95
-204176.334   206.525     2.51    6.47
-203886.777   207.353     2.86    6.05
-203597.216   207.836     1.67    5.29
-203307.653   206.182    -5.71    6.27
-203018.086   205.372    -2.80    6.53
-202728.515   205.146    -0.78    8.24
-202438.941   206.799     5.71   11.56
-202149.364   211.804    17.28   13.25
-201859.783   215.284    12.02   13.83
-201570.199   218.388    10.72   11.91
-201280.924   218.732     1.19   12.30
-200992.066   216.847    -6.53   15.82
-200703.204   211.697   -17.83   19.30
-200414.340   202.999   -30.11   22.18
-200125.471   190.491   -43.30   25.10
-199836.600   183.103   -25.57   24.03
-199547.725   176.716   -22.11   21.44
-199258.847   172.099   -15.98   20.22
-198969.965   171.698    -1.39   22.09
-198681.080   175.908    14.57   21.95
-198392.191   181.199    18.31   22.79
-198103.299   188.970    26.90   19.72
-197814.404   194.700    19.83   20.54
-197525.505   200.116    18.74   19.55
-197236.603   205.908    20.05   18.94
-196947.698   206.461     1.92   21.93
-196658.789   204.784    -5.80   22.80
-196369.877   206.404     5.61   24.47
-196080.961   209.543    10.86   24.67
-195792.042   209.508    -0.12   26.21
-195503.119   212.284     9.61   25.54
-195214.194   219.698    25.66   23.08
-194925.264   226.458    23.39   19.06
-194636.331   229.716    11.27   15.99
-194347.395   229.549    -0.58   16.13
-194058.456   229.592     0.15   14.72
-193769.513   229.922     1.14   13.25
-193480.567   229.032    -3.08   12.02
-193191.617   228.082    -3.29   10.56
-192902.664   227.126    -3.31    9.93
-192613.707   226.422    -2.44    9.69
-192324.747   222.599   -13.23   10.72
-192035.783   218.908   -12.77   14.50
-191746.817   211.449   -25.81   20.62
-191457.846   199.470   -41.45   26.56
-191168.872   186.834   -43.73   30.77
-190879.895   167.665   -66.33   30.89
-190590.915   154.182   -46.65   30.84
-190301.931   139.016   -52.48   28.43
-190012.943   126.301   -43.99   25.04
-189723.952   118.241   -27.89   20.86
-189434.958   111.282   -24.08   15.28
-189145.960   108.715    -8.88   14.40
-188856.959   109.410     2.41   15.24
-188567.955   111.181     6.13   16.05
-188278.946   111.916     2.54   15.26
-187989.935   113.249     4.61   15.46
-187700.920   113.393     0.50   15.18
-187411.902   115.094     5.89   14.65
-187122.880   118.008    10.08   13.48
-186833.855   119.765     6.08   11.34
-186544.826   118.532    -4.27   11.75
-186255.794   117.103    -4.94   12.81
-185966.758   114.539    -8.87   13.88
-185677.719   108.560   -20.69   13.90
-185388.676   102.800   -19.93   14.14
-185099.631    96.819   -20.69   13.55
-184810.581    90.618   -21.45   12.69
-184521.528    84.422   -21.43   12.51
-184232.472    79.427   -17.28    9.56
-183943.412    76.179   -11.24    9.26
-183654.349    74.614    -5.41    7.97
-183365.282    72.843    -6.12    6.49
-183076.212    71.834    -3.49    5.42
-182787.138    71.616    -0.76    5.85
-182498.061    71.939     1.12    5.99
-182208.981    71.156    -2.71    6.89
-181919.897    69.190    -6.80    7.64
-181630.809    67.866    -4.58    8.27
-181341.718    66.603    -4.37    8.44
-181052.624    65.083    -5.26    8.74
-180763.526    62.116   -10.26    9.28
-180474.424    60.161    -6.76    9.37
-180185.319    58.732    -4.94    8.63
-179896.211    57.699    -3.57    7.73
-179607.099    56.116    -5.48    6.74
-179317.984    54.491    -5.62    5.15
-179028.865    54.259    -0.80    5.26
-178739.743    53.932    -1.13    5.69
-178450.617    52.870    -3.67    6.39
-178161.488    51.634    -4.28    7.42
-177872.355    50.182    -5.02    7.45
-177583.219    48.336    -6.39    6.18
-177294.079    47.181    -4.00    5.22
-177004.936    46.181    -3.46    5.10
-176715.789    45.929    -0.87    4.80
-176426.639    45.284    -2.23    4.84
-176137.485    44.783    -1.73    5.42
-175848.328    44.715    -0.24    5.75
-175559.167    44.849     0.46    6.40
-175270.003    45.603     2.61    6.69
-174980.835    46.614     3.49    6.17
-174691.664    47.082     1.62    6.15
-174402.489    47.206     0.43    5.98
-174113.311    48.629     4.92    6.36
-173824.130    49.732     3.82    6.05
-173534.944    49.566    -0.58    5.84
-173245.756    49.442    -0.43    5.90
-172956.563    49.525     0.29    5.10
-172667.368    49.466    -0.21    5.31
-172378.168    49.066    -1.38    5.17
-172088.966    47.880    -4.10    5.94
-171799.759    45.949    -6.68    6.33
-171510.550    43.519    -8.40    5.34
-171221.336    42.267    -4.33    4.52
-170932.119    41.804    -1.60    3.92
-170642.899    42.182     1.31    3.79
-170353.675    42.784     2.08    3.57
-170064.448    43.650     3.00    3.53
-169775.217    45.482     6.33    4.39
-169485.982    47.267     6.17    5.79
-169196.744    49.198     6.68    7.20
-168907.503    51.974     9.60    7.95
-168618.258    54.224     7.78    8.22
-168329.009    56.560     8.08    8.05
-168039.757    58.732     7.51    6.81
-167750.501    60.198     5.07    5.36
-167461.242    60.698     1.73    4.77
-167171.980    62.831     7.37    4.93
-166882.713    65.549     9.40    6.18
-166593.444    68.634    10.66    7.94
-166304.170    71.381     9.50    9.33
-166014.893    75.094    12.83   10.80
-165725.613    80.207    17.67   11.86
-165436.329    85.949    19.85   12.82
-165147.041    91.322    18.57   12.43
-164857.750    96.060    16.38   11.84
-164568.456   102.682    22.89   12.03
-164279.158   108.646    20.61   13.18
-163989.856   115.313    23.04   14.71
-163700.551   122.449    24.67   15.00
-163411.242   129.149    23.16   14.99
-163121.929   137.832    30.01   14.78
-162832.613   144.525    23.13   15.19
-162543.294   151.499    24.10   14.40
-162253.971   158.060    22.68   13.58
-161964.644   161.798    12.92   12.30
-161675.314   164.749    10.20   11.54
-161385.980   167.478     9.43   11.75
-161096.643   168.870     4.81   12.20
-160807.302   170.129     4.35   12.36
-160517.958   171.011     3.05   12.99
-160228.610   173.749     9.46   12.96
-159939.258   177.404    12.63   14.20
-159649.903   181.043    12.57   15.59
-159360.544   186.301    18.17   14.64
-159071.182   190.880    15.82   14.02
-158781.816   193.817    10.15   13.04
-158492.447   195.699     6.50   13.61
-158203.074   197.804     7.27   14.65
-157913.697   198.836     3.57   16.34
-157624.317   200.105     4.39   17.34
-157334.933   199.715    -1.35   17.22
-157045.546   195.273   -15.35   17.32
-156756.155   191.715   -12.30   16.67
-156466.760   186.849   -16.81   17.38
-156177.362   181.336   -19.05   17.52
-155887.960   176.241   -17.61   16.49
-155598.555   169.366   -23.75   18.88
-155309.146   165.066   -14.86   18.98
-155019.734   161.749   -11.46   18.36
-154730.318   161.801     0.18   19.04
-154440.898   162.499     2.41   19.05
-154151.475   159.215   -11.35   17.38
-153862.048   159.619     1.40   17.76
-153572.617   160.273     2.26   19.28
-153283.183   155.715   -15.75   19.86
-152993.746   151.198   -15.61   18.67
-152704.304   150.339    -2.97   18.68
-152414.859   152.949     9.02   21.84
-152125.411   153.953     3.47   20.75
-151835.959   156.027     7.17   20.32
-151546.503   160.267    14.65   16.05
-151257.044   160.939     2.32   13.94
-150967.581   159.536    -4.85   13.50
-150678.114   154.970   -15.77   15.08
-150388.644   150.650   -14.92   15.06
-150099.170   146.995   -12.63   14.43
-149809.693   144.525    -8.53   15.72
-149520.212   142.834    -5.84   16.26
-149230.727   141.207    -5.62   13.66
-148941.239   141.060    -0.51   13.08
-148651.747   142.025     3.33   11.48
-148362.252   145.616    12.40   12.71
-148072.752   147.627     6.95   12.67
-147783.250   151.032    11.76   13.61
-147493.743   155.519    15.50   12.61
-147204.233   159.582    14.03   11.81
-146914.719   164.549    17.15   12.30
-146625.202   169.013    15.42   12.54
-146335.681   174.949    20.50   13.34
-146046.157   182.043    24.50   16.48
-145756.628   189.136    24.50   17.84
-145467.097   196.329    24.84   18.69
-145177.561   203.013    23.08   17.52
-144888.022   210.353    25.35   17.54
-144598.479   216.911    22.65   17.15
-144308.933   220.159    11.22   19.12
-144019.383   220.817     2.27   20.45
-143729.829   219.995    -2.84   23.50
-143440.272   212.836   -24.72   25.86
-143150.711   205.560   -25.13   28.20
-142861.146   193.582   -41.36   27.09
-142571.578   179.491   -48.66   27.82
-142282.006   166.929   -43.38   27.76
-141992.430   157.267   -33.37   26.44
-141702.851   146.767   -36.26   23.45
-141413.268   140.594   -21.31   19.31
-141123.681   135.309   -18.25   14.24
-140834.091   132.437    -9.91   13.15
-140544.497   131.525    -3.15   12.56
-140254.900   131.326    -0.69   11.52
-139965.298   129.750    -5.44    6.37
-139675.694   129.266    -1.67    6.03
-139386.085   129.486     0.76    6.10
-139096.598   129.732     0.85    7.26
-138807.775   128.831    -3.12    8.27
-138518.949   127.925    -3.13    7.95
-138230.119   128.149     0.77    7.63
-137941.285   128.508     1.24    6.59
-137652.448   130.410     6.58    7.24
-137363.607   132.437     7.02    9.97
-137074.763   134.665     7.71   10.07
-136785.914   138.094    11.87   10.27
-136497.062   142.018    13.58   11.46
-136208.207   146.716    16.26   13.08
-135919.348   153.216    22.50   17.49
-135630.485   157.039    13.23   17.88
-135341.618   160.359    11.50   16.69
-135052.748   163.646    11.38   15.32
-134763.874   165.199     5.38   14.45
-134474.996   170.405    18.02   16.47
-134186.115   180.470    34.84   27.81
-133897.230   190.025    33.08   32.49
-133608.342   205.250    52.70   37.63
-133319.449   216.422    38.67   40.86
-133030.553   229.099    43.88   40.04
-132741.654   238.552    32.72   37.00
-132452.751   243.870    18.41   32.80
-132163.844   245.582     5.93   26.95
-131874.933   247.732     7.44   23.45
-131586.019   246.750    -3.40   20.15
-131297.101   242.454   -14.87   13.90
-131008.179   240.149    -7.98   12.18
-130719.254   237.926    -7.69   10.52
-130430.324   237.161    -2.65    9.53
-130141.392   235.549    -5.58    8.59
-129852.455   234.855    -2.40    8.30
-129563.515   235.442     2.03   10.36
-129274.571   237.749     7.98   13.61
-128985.624   238.299     1.90   14.01
-128696.673   239.054     2.61   15.71
-128407.718   237.663    -4.81   16.45
-128118.759   236.049    -5.59   16.50
-127829.797   233.698    -8.14   13.96
-127540.831   230.478   -11.14   10.30
-127251.861   230.449    -0.10    8.87
-126962.888   230.491     0.15    8.87
-126673.911   231.478     3.42    9.32
-126384.930   234.819    11.56   10.67
-126095.945   237.470     9.17   11.73
-125806.957   239.853     8.25   10.96
-125517.965   242.359     8.67   10.31
-125228.969   244.405     7.08    9.35
-124939.970   245.319     3.16    8.39
-124650.967   244.571    -2.59    8.63
-124361.960   242.699    -6.48    7.99
-124072.950   241.454    -4.31    6.16
-123783.935   240.750    -2.43    6.40
-123494.917   242.163     4.89    8.51
-123205.896   245.241    10.65   10.61
-122916.870   249.882    16.06   12.44
-122627.841   255.077    17.97   13.39
-122338.808   259.956    16.88   14.12
-122049.772   264.716    16.47   15.18
-121760.732   269.250    15.69   15.34
-121471.688   272.847    12.45   14.55
-121182.640   275.749    10.04   13.19
-120893.588   277.516     6.11   12.15
-120604.533   278.616     3.81   11.55
-120315.474   278.612    -0.01   11.04
-120026.411   277.016    -5.52   10.56
-119737.345   276.146    -3.01    9.47
-119448.275   274.322    -6.31    8.11
-119159.201   273.945    -1.30    8.21
-118870.123   274.629     2.36    8.71
-118581.042   274.974     1.19    8.86
-118291.957   276.294     4.57    9.56
-118002.868   278.099     6.24   10.75
-117713.775   281.139    10.52   11.24
-117424.679   283.683     8.80   10.62
-117135.579   285.698     6.97   10.21
-116846.475   288.163     8.53   10.65
-116557.367   288.634     1.63   12.30
-116268.256   290.427     6.20   14.48
-115979.141   295.175    16.42   21.00
-115690.022   303.560    29.00   30.91
-115400.899   313.077    32.92   34.84
-115111.773   325.359    42.48   37.56
-114822.643   341.049    54.26   36.98
-114533.509   358.814    61.44   38.22
-114244.371   372.129    46.05   34.51
-113955.230   379.899    26.87   36.47
-113666.084   378.500    -4.84   39.02
-113376.936   383.817    18.39   41.96
-113087.783   386.536     9.40   49.48
-112798.626   383.416   -10.79   51.09
-112509.466   384.329     3.16   50.29
-112220.302   389.294    17.17   51.52
-111931.134   389.832     1.86   53.17
-111641.962   397.870    27.80   56.29
-111352.787   409.257    39.38   61.04
-111063.608   426.599    59.97   59.14
-110774.425   430.495    13.47   56.96
-110485.238   426.612   -13.43   59.94
-110196.048   413.399   -45.69   65.71
-109906.853   395.618   -61.48   65.96
-109617.655   376.532   -65.99   61.06
-109328.454   355.942   -71.20   44.86
-109039.248   340.529   -53.29   21.62
-108750.038   344.991    15.43   33.69
-108460.825   345.766     2.68   35.11
-108171.608   345.629    -0.47   34.62
-107882.387   339.322   -21.80   40.15
-107593.163   328.922   -35.96   41.36
-107303.934   315.284   -47.15   40.79
-107014.702   310.508   -16.51   41.57
-106725.466   310.683     0.60   47.62
-106436.226   310.404    -0.96   52.96
-106146.983   300.439   -34.45   53.80
-105857.736   287.932   -43.24   53.17
-105568.484   277.612   -35.68   52.69
-105279.229   263.094   -50.19   44.12
-104989.970   253.208   -34.18   34.67
-104700.708   251.970    -4.28   31.74
-104411.441   257.587    19.42   49.88
-104122.171   266.697    31.49   64.75
-103832.897   282.566    54.85   82.66
-103543.619   292.838    35.51   89.68
-103254.338   307.845    51.88   95.69
-102965.052   316.082    28.47   93.22
-102675.763   330.683    50.47   91.15
-102386.470   335.629    17.10   83.31
-102097.173   331.836   -13.11   72.91
-101807.872   337.597    19.91   73.43
-101518.567   346.749    31.64   72.11
-101229.259   350.700    13.66   68.75
-100939.947   344.631   -20.98   71.35
-100650.631   336.991   -26.41   68.84
-100361.311   330.750   -21.57   58.19
-100071.987   315.663   -52.14   44.90
 -99782.660   306.978   -30.02   35.03
 -99493.328   304.456    -8.72   34.12
 -99203.993   304.732     0.95   34.76
 -98914.654   306.525     6.20   35.69
 -98625.311   306.275    -0.87   35.35
 -98335.964   308.490     7.66   34.33
 -98046.614   309.037     1.89   31.62
 -97757.259   299.190   -34.03   22.16
 -97467.901   296.525    -9.21   26.64
 -97178.539   293.370   -10.90   37.44
 -96889.173   285.382   -27.60   42.80
 -96599.803   280.566   -16.64   43.69
 -96310.430   274.377   -21.38   43.31
 -96021.052   271.276   -10.72   42.82
 -95731.671   271.949     2.32   39.85
 -95442.286   268.911   -10.50   31.87
 -95152.897   275.845    23.96   31.83
 -94863.504   289.970    48.81   37.16
 -94574.107   305.093    52.26   40.04
 -94284.706   318.819    47.43   40.53
 -93995.302   331.439    43.61   38.49
 -93705.894   341.066    33.26   33.18
 -93416.481   345.560    15.53   24.34
 -93127.065   345.388    -0.59   19.28
 -92837.645   339.766   -19.43   22.70
 -92548.222   330.767   -31.09   27.39
 -92258.794   325.887   -16.86   31.53
 -91969.363   326.370     1.67   35.54
 -91679.927   326.339    -0.11   38.64
 -91390.488   324.422    -6.62   43.00
 -91101.045   314.032   -35.89   53.07
 -90811.598   300.405   -47.08   63.29
 -90522.147   279.224   -73.17   68.79
 -90232.692   251.458   -95.92   64.39
 -89943.234   227.919   -81.32   48.16
 -89653.771   207.519   -70.47   22.60
 -89364.305   199.259   -28.54   15.05
 -89074.835   193.088   -21.32   14.10
 -88785.360   189.716   -11.65   14.51
 -88495.882   187.847    -6.45   14.88
 -88206.400   185.474    -8.20   11.49
 -87916.915   185.750     0.95   11.39
 -87627.425   198.282    43.29   34.77
 -87337.931   228.679   105.00   69.91
 -87048.434   252.159    81.10   85.06
 -86758.933   276.599    84.42   96.36
 -86469.427   294.191    60.77  104.04
 -86179.918   295.405     4.19  112.20
 -85890.405   285.554   -34.03  120.21
 -85600.888   256.882   -99.03  121.36
 -85311.367   219.612  -128.73  110.74
 -85021.843   181.132  -132.90   83.13
 -84732.314   152.032  -100.51   49.33
 -84442.781   130.060   -75.89   13.86
 -84153.245   124.732   -18.40    9.68
 -83863.705   120.905   -13.22    7.23
 -83574.160   119.552    -4.67    5.84
 -83284.612   119.663     0.38    6.28
 -82995.060   120.866     4.15    7.96
 -82705.504   123.250     8.23    9.64
 -82415.944   125.491     7.74    9.47
 -82126.380   127.995     8.65    8.34
 -81836.813   129.166     4.04    6.86
 -81547.241   128.129    -3.58    6.91
 -81257.665   126.518    -5.56    7.75
 -80968.086   122.461   -14.01    9.41
 -80678.502   118.597   -13.34    9.01
 -80388.915   115.732    -9.89    7.96
 -80099.324   113.907    -6.30    6.48
 -79809.729   113.309    -2.07    4.77
 -79520.130   115.266     6.76    5.96
 -79230.527   117.964     9.32    7.61
 -78940.920   124.732    23.37   18.55
 -78651.309   135.516    37.23   29.56
 -78361.694   143.184    26.48   30.17
 -78072.075   153.342    35.07   31.70
 -77782.452   157.643    14.85   29.84
 -77492.826   157.382    -0.90   30.85
 -77203.195   152.646   -16.35   33.92
 -76913.561   143.847   -30.38   29.21
 -76624.678   140.991    -9.89   33.70
 -76335.888   143.974    10.33   44.56
 -76047.094   150.336    22.03   53.36
 -75758.297   154.682    15.05   52.29
 -75469.496   157.149     8.54   48.80
 -75180.690   157.543     1.36   39.69
 -74891.881   155.582    -6.79   23.61
 -74603.068   156.364     2.71   19.13
 -74314.251   158.370     6.95   16.84
 -74025.430   162.432    14.06   20.21
 -73736.605   164.799     8.19   19.72
 -73447.776   166.910     7.31   19.16
 -73158.943   167.625     2.48   17.72
 -72870.106   166.632    -3.44   11.50
 -72581.265   167.838     4.17    8.79
 -72292.421   169.503     5.77    8.79
 -72003.572   174.536    17.42   11.88
 -71714.720   181.376    23.68   18.41
 -71425.863   188.580    24.94   18.36
 -71137.003   196.681    28.05   20.82
 -70848.139   205.216    29.54   21.71
 -70559.270   213.284    27.93   23.52
 -70270.398   219.345    20.98   28.60
 -69981.522   220.349     3.47   36.68
 -69692.642   215.953   -15.22   39.17
 -69403.758   215.427    -1.82   43.24
 -69114.870   205.474   -34.45   36.98
 -68825.978   195.962   -32.92   31.85
 -68537.082   189.939   -20.85   29.32
 -68248.182   187.632    -7.98   30.98
 -67959.278   183.043   -15.89   29.31
 -67670.370   172.817   -35.39   22.86
 -67381.459   164.486   -28.83   15.62
 -67092.543   159.049   -18.82   14.54
 -66803.623   155.618   -11.88   15.37
 -66514.700   150.978   -16.06   16.45
 -66225.772   145.215   -19.95   14.56
 -65936.841   141.461   -12.99   14.03
 -65647.905   137.919   -12.26   12.90
 -65358.966   133.519   -15.23    9.18
 -65070.022   130.784    -9.47    6.18
 -64781.075   129.232    -5.37    5.77
 -64492.123   128.284    -3.28    5.11
 -64203.168   128.404     0.42    5.51
 -63914.209   128.832     1.48    5.44
 -63625.245   130.816     6.86    5.97
 -63336.278   132.863     7.09    6.22
 -63047.307   134.732     6.47    6.34
 -62758.331   137.366     9.11    7.40
 -62469.352   140.232     9.92    8.70
 -62180.369   142.683     8.48    9.42
 -61891.382   144.868     7.56    9.45
 -61602.391   146.698     6.33   10.16
 -61313.395   148.836     7.40    9.91
 -61024.396   150.329     5.17    9.75
 -60735.393   152.224     6.56   10.23
 -60446.386   153.649     4.93    9.92
 -60157.375   155.782     7.38   10.97
 -59868.360   157.783     6.93    9.91
 -59579.340   160.560     9.61    9.51
 -59290.317   161.749     4.11    8.49
 -59001.290   163.129     4.77    7.13
 -58712.259   165.388     7.82    7.89
 -58423.224   169.129    12.94    9.44
 -58134.185   177.173    27.83   17.38
 -57845.142   189.094    41.24   28.89
 -57556.094   209.044    69.02   37.74
 -57267.043   225.861    58.18   39.36
 -56977.988   241.698    54.79   36.99
 -56688.929   258.999    59.85   30.76
 -56399.866   266.456    25.80   23.67
 -56110.799   272.817    22.00   23.68
 -55821.727   276.037    11.14   27.08
 -55532.652   275.241    -2.76   28.26
 -55243.573   270.355   -16.90   33.40
 -54954.490   265.417   -17.08   36.99
 -54665.402   264.432    -3.40   44.07
 -54376.311   266.982     8.82   47.36
 -54087.216   274.426    25.75   53.70
 -53798.117   282.999    29.65   59.68
 -53509.013   292.782    33.84   67.16
 -53219.906   301.853    31.37   69.62
 -52930.794   295.610   -21.60   68.29
 -52641.679   287.382   -28.46   72.77
 -52352.559   277.215   -35.17   66.48
 -52063.436   264.191   -45.04   61.00
 -51774.308   245.902   -63.26   46.63
 -51485.177   234.474   -39.53   28.39
 -51196.041   236.008     5.31   27.97
 -50906.902   246.508    36.31   35.19
 -50617.758   254.126    26.34   36.87
 -50328.610   258.129    13.84   34.48
 -50039.458   265.037    23.89   26.51
 -49750.303   266.286     4.32   25.45
 -49461.143   261.882   -15.23   26.74
 -49171.979   253.399   -29.34   26.18
 -48882.811   247.632   -19.94   21.20
 -48593.639   242.437   -17.97   17.10
 -48304.463   241.643    -2.75   18.72
 -48015.283   247.632    20.71   29.13
 -47726.099   260.224    43.54   34.98
 -47436.911   268.891    29.97   32.74
 -47147.718   283.184    49.42   29.06
 -46858.522   291.816    29.85   25.08
 -46569.322   297.342    19.11   20.07
 -46280.117   295.250    -7.23   19.36
 -45990.909   289.619   -19.47   18.56
 -45701.696   282.037   -26.22   16.30
 -45412.480   274.877   -24.76   14.86
 -45123.259   269.393   -18.96   15.46
 -44834.034   262.232   -24.76   15.16
 -44544.806   258.099   -14.29   14.14
 -44255.573   253.043   -17.48   10.84
 -43966.336   250.355    -9.29   11.14
 -43677.095   250.543     0.65   12.59
 -43387.850   257.750    24.92   23.36
 -43098.601   263.784    20.86   27.39
 -42809.347   267.482    12.79   28.66
 -42520.090   262.978   -15.57   35.10
 -42230.829   258.198   -16.53   44.30
 -41941.563   251.599   -22.81   51.91
 -41652.294   246.008   -19.33   57.13
 -41363.020   236.750   -32.01   56.02
 -41073.742   234.175    -8.90   58.39
 -40784.460   237.849    12.70   60.92
 -40495.175   238.684     2.89   61.85
 -40205.885   240.750     7.14   59.26
 -39916.591   233.616   -24.66   59.24
 -39627.292   228.539   -17.55   51.72
 -39337.990   229.377     2.90   53.10
 -39048.684   218.916   -36.16   52.79
 -38759.373   214.355   -15.76   55.56
 -38470.059   208.543   -20.09   54.80
 -38180.740   211.508    10.25   57.82
 -37891.418   213.868     8.16   56.59
 -37602.091   215.173     4.51   53.87
 -37312.760   219.410    14.64   53.81
 -37023.425   233.599    49.04   53.91
 -36734.086   253.646    69.29   46.56
 -36444.743   268.163    50.17   40.06
 -36155.395   279.439    38.97   36.27
 -35866.044   283.765    14.95   35.53
 -35576.688   285.525     6.08   35.18
 -35287.329   280.665   -16.80   43.76
 -34997.965   271.767   -30.75   52.18
 -34708.597   256.682   -52.13   54.27
 -34419.225   249.523   -24.74   52.35
 -34129.849   243.037   -22.41   45.73
 -33840.468   241.216    -6.30   35.81
 -33551.084   240.539    -2.34   30.84
 -33261.696   240.122    -1.44   26.40
 -32972.303   240.599     1.65   22.63
 -32682.906   233.503   -24.52   26.43
 -32393.505   222.700   -37.33   28.44
 -32104.100   215.577   -24.61   29.78
 -31814.691   208.432   -24.69   30.02
 -31525.278   206.500    -6.68   31.33
 -31235.861   208.087     5.48   36.87
 -30946.439   209.199     3.84   39.62
 -30657.014   216.929    26.71   41.11
 -30367.584   227.612    36.91   39.26
 -30078.150   232.482    16.83   35.42
 -29788.712   235.982    12.09   32.48
 -29499.270   237.025     3.60   27.51
 -29209.823   233.077   -13.64   24.28
 -28920.373   228.366   -16.28   24.03
 -28630.918   223.836   -15.65   25.24
 -28341.460   218.508   -18.41   25.20
 -28051.997   212.832   -19.61   24.74
 -27762.530   206.437   -22.09   22.57
 -27473.058   203.181   -11.25   21.65
 -27183.583   197.666   -19.05   23.55
 -26894.104   194.107   -12.29   25.56
 -26604.620   185.612   -29.35   26.92
 -26315.132   174.388   -38.77   24.89
 -26025.640   167.666   -23.22   22.87
 -25736.144   164.523   -10.86   21.39
 -25446.644   163.482    -3.59   17.84
 -25157.139   168.532    17.44   26.06
 -24867.631   175.353    23.56   28.19
 -24578.118   179.764    15.24   27.23
 -24288.601   186.847    24.46   29.22
 -23999.080   192.799    20.56   30.76
 -23709.555   192.715    -0.29   33.50
 -23420.025   188.381   -14.97   33.97
 -23130.492   179.782   -29.70   33.77
 -22840.954   168.512   -38.92   34.73
 -22551.412   158.926   -33.11   30.88
 -22261.866   149.516   -32.50   25.41
 -21972.316   138.612   -37.66   21.55
 -21682.761   131.326   -25.16   18.63
 -21393.203   123.801   -25.99   16.89
 -21103.640   117.486   -21.81   18.49
 -20814.073   110.474   -24.22   20.65
 -20524.502   101.715   -30.25   21.39
 -20234.926    95.732   -20.66   20.76
 -19945.347    88.191   -26.04   14.68
 -19655.763    82.585   -19.36   11.62
 -19366.175    77.025   -19.20   12.21
 -19076.583    71.552   -18.90   14.23
 -18786.987    68.232   -11.46   15.37
 -18497.386    64.495   -12.90   15.07
 -18207.782    61.159   -11.52   11.33
 -17918.173    60.444    -2.47    9.95
 -17628.560    65.087    16.03   16.18
 -17338.942    73.504    29.06   21.96
 -17049.321    85.516    41.47   26.51
 -16759.695   102.107    57.29   33.18
 -16470.065   114.071    41.31   34.67
 -16180.431   124.416    35.72   32.75
 -15890.793   131.683    25.09   28.68
 -15601.151   136.612    17.02   24.77
 -15311.504   136.336    -0.95   24.51
 -15021.853   131.582   -16.41   25.31
 -14732.198   125.376   -21.43   21.87
 -14443.090   120.297   -17.57   20.11
 -14154.332   114.122   -21.38   17.07
 -13865.569   107.422   -23.20   16.12
 -13576.802   103.112   -14.93   17.15
 -13288.030    96.663   -22.33   18.13
 -12999.255    89.765   -23.89   18.26
 -12710.475    82.887   -23.82   15.92
 -12421.692    76.834   -20.96   13.72
 -12132.903    73.697   -10.86   12.22
 -11844.111    70.149   -12.28   11.28
 -11555.315    69.574    -1.99   11.04
 -11266.514    69.716     0.49   11.04
 -10977.709    69.071    -2.23   11.26
 -10688.900    69.500     1.49   10.32
 -10400.087    71.116     5.59   10.77
 -10111.270    73.461     8.12    9.60
  -9822.448    74.240     2.70    8.98
  -9533.622    73.926    -1.09    9.46
  -9244.792    74.149     0.77   10.76
  -8955.958    72.970    -4.08   12.15
  -8667.119    69.574   -11.75   12.24
  -8378.277    65.432   -14.34   13.14
  -8089.430    59.275   -21.32   13.42
  -7800.579    53.442   -20.19   15.29
  -7511.724    46.866   -22.77   16.46
  -7222.864    37.508   -32.39   17.08
  -6934.000    29.461   -27.86   18.61
  -6645.132    19.336   -35.05   17.61
  -6356.260    11.978   -25.47   15.01
  -6067.384     6.215   -19.95   10.65
  -5778.503     2.112   -14.20    5.80
  -5489.618     1.456    -2.27    3.60
  -5200.729     1.882     1.47    3.78
  -4911.836     2.474     2.05    3.71
  -4622.938     2.766     1.01    3.68
  -4334.037     3.020     0.88    3.89
  -4045.131     3.171     0.52    4.01
  -3756.220     3.422     0.87    4.01
  -3467.306     3.027    -1.37    3.56
  -3178.387     2.699    -1.14    3.31
  -2889.464     2.668    -0.11    3.09
  -2600.537     2.474    -0.67    2.66
  -2311.606     1.116    -4.70    3.06
  -2022.670     0.610    -1.75    3.10
  -1733.730    -0.169    -2.70    2.99
  -1444.786    -0.951    -2.71    2.35
  -1155.838    -1.268    -1.10    2.06
   -866.885    -1.184     0.29    2.08
   -577.928    -1.018     0.58    2.19
   -288.967    -0.318     2.42    2.55
     -0.001    -0.009     1.07    2.63
    288.968    -0.153    -0.50    2.65
    577.942    -0.068     0.29    2.85
    866.920     0.612     2.35    3.39
   1155.903     1.129     1.79    3.51
   1444.889     1.819     2.39    3.48
   1733.880     1.916     0.34    3.28
   2022.875     2.292     1.30    3.38
   2311.875     2.866     1.99    3.11
   2600.879     3.250     1.33    3.20
   2889.886     2.922    -1.13    3.16
   3178.899     2.849    -0.25    3.30
   3467.915     2.682    -0.58    3.15
   3756.936     2.929     0.85    3.04
   4045.961     2.956     0.09    2.75
   4334.990     3.499     1.88    2.69
   4624.024     3.939     1.52    2.53
   4913.062     4.549     2.11    2.53
   5202.104     4.388    -0.56    2.77
   5491.150     4.681     1.02    2.67
   5780.201     4.309    -1.29    2.80
   6069.256     4.216    -0.32    3.27
   6358.315     3.766    -1.56    3.41
   6647.379     2.956    -2.80    3.45
   6936.447     2.619    -1.17    3.31
   7225.519     2.416    -0.70    3.43
   7514.595     2.292    -0.43    3.48
   7803.676     2.580     1.00    3.60
   8092.761     3.508     3.21    3.78
   8381.850     4.683     4.06    4.18
   8670.944     5.665     3.39    4.60
   8960.042     6.683     3.52    4.76
   9249.144     7.853     4.05    4.60
   9538.250     9.410     5.39    3.97
   9827.361    10.372     3.33    3.54
  10116.476    11.449     3.73    3.29
  10405.595    12.432     3.40    4.03
  10694.719    13.855     4.92    4.88
  10983.847    15.991     7.39    6.51
  11272.979    18.580     8.95    8.57
  11562.116    23.273    16.23   10.56
  11851.257    29.345    21.00   13.11
  12140.402    35.732    22.09   14.94
  12429.551    47.566    40.92   22.59
  12718.705    56.043    29.32   23.08
  13007.863    61.732    19.68   20.84
  13297.026    67.182    18.85   19.30
  13586.192    69.978     9.67   18.63
  13875.363    72.404     8.39   17.14
  14164.539    73.146     2.56   16.84
  14453.718    73.366     0.76   17.22
  14742.902    75.060     5.86   17.74
  15032.091    75.248     0.65   16.56
  15321.283    75.037    -0.73   15.43
  15610.480    73.016    -6.99   11.65
  15899.682    73.025     0.03   11.13
  16188.887    73.943     3.17   10.91
  16478.097    74.861     3.18   10.45
  16767.312    77.316     8.49    9.61
  17056.530    80.039     9.42   10.59
  17345.753    82.665     9.08   10.84
  17634.981    84.784     7.33    9.36
  17924.212    85.549     2.64    8.73
  18213.448    85.649     0.35    8.74
  18502.689    84.159    -5.15   10.01
  18791.933    81.887    -7.85   11.38
  19081.182    77.982   -13.50   12.03
  19370.436    74.284   -12.79   12.15
  19659.693    73.913    -1.28   11.78
  19948.956    73.345    -1.96   11.95
  20238.222    72.071    -4.40   11.71
  20527.493    70.716    -4.69   12.02
  20816.768    71.516     2.77   12.27
  21106.047    73.166     5.70   11.57
  21395.331    73.525     1.24   11.27
  21684.619    72.241    -4.44   10.39
  21973.912    72.355     0.40   10.23
  22263.209    74.614     7.81    9.05
  22552.510    75.991     4.76    7.57
  22841.815    77.387     4.83    7.48
  23131.125    78.913     5.27    8.04
  23420.440    80.698     6.17    8.78
  23709.758    83.716    10.43    8.89
  23999.082    87.577    13.34    7.88
  24288.409    91.405    13.23    7.38
  24577.741    95.831    15.30    7.79
  24867.077    99.936    14.19    8.49
  25156.417   104.519    15.84    9.63
  25445.762   111.101    22.75   14.42
  25735.112   118.853    26.79   17.22
  26024.465   125.275    22.19   19.78
  26313.823   130.208    17.05   19.05
  26603.186   133.011     9.69   17.97
  26892.553   132.491    -1.80   18.68
  27181.924   129.182   -11.43   19.88
  27471.299   124.631   -15.73   20.91
  27760.679   117.582   -24.36   17.10
  28050.064   111.249   -21.89   14.42
  28339.452   107.539   -12.82   11.11
  28628.845   105.232    -7.97    6.91
  28918.243   105.680     1.55    7.09
  29207.645   108.166     8.59    9.43
  29497.051   113.974    20.07   14.03
  29786.462   118.978    17.29   16.62
  30075.877   122.631    12.62   17.29
  30365.296   126.782    14.35   19.00
  30654.720   131.146    15.08   20.66
  30944.149   133.508     8.16   20.19
  31233.581   134.603     3.78   18.75
  31523.018   133.216    -4.79   14.77
  31812.460   132.256    -3.32   10.18
  32101.906   132.978     2.49    8.02
  32391.356   134.491     5.23    7.40
  32680.811   137.342     9.85    8.34
  32970.270   141.716    15.11   10.47
  33259.733   145.470    12.97   11.41
  33549.201   147.939     8.53   13.21
  33838.674   148.599     2.28   13.29
  34128.150   145.698   -10.02   14.36
  34417.632   142.306   -11.72   15.19
  34707.117   137.449   -16.78   12.03
  34996.607   133.173   -14.77    9.54
  35286.102   128.999   -14.42    6.89
  35575.601   126.284    -9.38    7.00
  35865.104   124.749    -5.30    6.23
  36154.612   124.387    -1.25    6.11
  36444.124   124.523     0.47    7.36
  36733.640   124.650     0.44    7.86
  37023.161   124.834     0.63    8.04
  37312.687   125.198     1.26    7.87
  37602.217   123.836    -4.70    9.15
  37891.751   120.257   -12.36   10.88
  38181.290   115.594   -16.10   10.75
  38470.833   111.632   -13.68   10.08
  38760.380   110.025    -5.55    8.95
  39049.932   108.646    -4.76    8.56
  39339.489   110.552     6.58    9.77
  39629.050   112.715     7.47   10.06
  39918.615   114.232     5.24   10.21
  40208.185   116.125     6.54    9.31
  40497.759   117.349     4.23    9.22
  40787.338   117.629     0.97    8.06
  41076.921   117.050    -2.00    7.08
  41366.509   116.011    -3.59    5.81
  41656.101   115.681    -1.14    5.43
  41945.697   116.054     1.29    6.52
  42235.298   118.025     6.81    8.28
  42524.904   120.249     7.68    9.25
  42814.514   124.512    14.72   10.25
  43104.128   128.780    14.74   10.20
  43393.747   133.088    14.88   10.07
  43683.370   137.301    14.55   10.44
  43972.998   141.834    15.65   11.87
  44262.630   147.905    20.96   13.39
  44552.267   152.355    15.37   13.64
  44841.908   156.560    14.52   12.68
  45131.553   161.922    18.51   11.66
  45421.203   165.853    13.57   11.34
  45710.858   168.549     9.31   11.75
  46000.517   169.877     4.59   11.36
  46290.180   171.393     5.23   10.38
  46579.848   173.563     7.49   10.06
  46869.521   175.319     6.06    9.74
  47159.198   177.800     8.57    9.79
  47448.879   181.437    12.56   11.40
  47738.242   185.306    13.37   11.68
  48026.964   189.345    13.99   11.29
  48315.690   193.060    12.87   11.21
  48604.420   196.166    10.76   11.90
  48893.155   199.136    10.29   11.99
  49181.894   200.437     4.51   11.46
  49470.638   199.616    -2.85   10.86
  49759.386   198.355    -4.37   11.00
  50048.139   195.043   -11.47   11.43
  50336.896   189.857   -17.96   12.83
  50625.658   183.499   -22.02   14.41
  50914.424   175.819   -26.60   15.64
  51203.194   167.536   -28.68   15.82
  51491.969   159.614   -27.43   14.22
  51780.749   152.060   -26.16   12.84
  52069.532   148.594   -12.00   12.73
  52358.321   146.563    -7.03   13.13
  52647.114   146.568     0.02   15.51
  52935.911   146.870     1.05   15.66
  53224.713   147.616     2.58   16.80
  53513.519   146.181    -4.97   15.56
  53802.330   145.336    -2.93   15.73
  54091.145   141.949   -11.73   16.51
  54379.965   138.516   -11.89   14.94
  54668.789   134.426   -14.16   10.76
  54957.618   132.784    -5.68    9.00
  55246.451   131.282    -5.20    8.84
  55535.288   130.715    -1.96    8.86
  55824.131   129.044    -5.79    9.80
  56112.977   127.614    -4.95   10.49
  56401.828   125.601    -6.97   10.35
  56690.684   122.868    -9.46    8.65
  56979.544   119.836   -10.50    6.77
  57268.409   117.749    -7.23    6.68
  57557.278   114.939    -9.73    6.53
  57846.151   112.421    -8.72    7.41
  58135.029   109.866    -8.85    7.84
  58423.912   106.232   -12.58    7.13
  58712.799   103.681    -8.83    6.88
  59001.691   101.139    -8.80    6.21
  59290.587    99.454    -5.83    5.92
  59579.487    98.868    -2.03    6.33
  59868.392    98.682    -0.64    6.99
  60157.302   100.037     4.69    7.18
  60446.216   100.077     0.14    6.92
  60735.135   101.316     4.29    6.88
  61024.058   102.382     3.69    7.89
  61312.986   102.716     1.15    8.66
  61601.918   103.439     2.50    8.97
  61890.854   103.166    -0.95    9.86
  62179.796   102.136    -3.56   10.10
  62468.741   100.437    -5.88   10.64
  62757.692    98.601    -6.35    9.51
  63046.646    97.071    -5.29    7.41
  63335.606    97.224     0.53    6.43
  63624.569    98.849     5.62    8.61
  63913.538   102.566    12.86   12.50
  64202.511   109.974    25.64   19.43
  64491.488   117.458    25.90   24.16
  64780.470   122.618    17.85   23.11
  65069.457   128.393    19.99   23.52
  65358.448   129.461     3.69   20.65
  65647.443   126.905    -8.85   12.66
  65936.443   125.060    -6.38    8.23
  66225.448   124.258    -2.78    6.81
  66514.457   124.290     0.11    6.22
  66803.471   125.905     5.59    7.06
  67092.489   128.129     7.70    8.52
  67381.512   131.782    12.64    9.25
  67670.539   135.902    14.26    8.31
  67959.571   139.332    11.87    6.95
  68248.607   143.089    13.00    6.53
  68537.648   146.326    11.20    6.76
  68826.694   149.416    10.69    7.17
  69115.744   151.601     7.56    6.38
  69404.798   152.913     4.54    5.27
  69693.858   154.043     3.91    4.66
  69982.921   154.004    -0.14    4.85
  70271.990   153.249    -2.61    5.43
  70561.062   151.916    -4.61    5.56
  70850.140   150.241    -5.79    5.95
  71139.222   149.861    -1.31    6.70
  71428.308   149.432    -1.48    6.48
  71717.399   148.767    -2.30    6.65
  72006.495   147.987    -2.70    7.20
  72295.595   146.353    -5.65    7.56
  72584.700   144.470    -6.51    8.29
  72873.809   142.353    -7.32    7.33
  73162.923   141.421    -3.22    6.54
  73452.042   140.974    -1.55    5.89
  73741.165   141.546     1.98    6.47
  74030.293   143.519     6.83    7.24
  74319.425   145.116     5.52    7.43
  74608.562   146.668     5.37    6.72
  74897.703   147.469     2.77    6.10
  75186.849   146.077    -4.81    6.83
  75476.000   144.082    -6.90    7.61
  75765.155   141.634    -8.47    7.37
  76054.315   139.652    -6.86    6.07
  76343.479   139.319    -1.15    5.76
  76632.648   139.816     1.72    6.04
  76921.821   141.319     5.20    7.39
  77210.999   141.199    -0.41    7.96
  77500.182   141.249     0.17    8.23
  77789.369   140.782    -1.62    8.24
  78078.561   139.290    -5.16    8.01
  78367.758   137.474    -6.28    6.92
  78656.959   136.449    -3.54    5.24
  78946.164   136.456     0.03    4.38
  79235.375   138.585     7.36    5.92
  79524.590   140.800     7.66    7.09
  79813.809   143.599     9.68    8.24
  80103.033   146.974    11.67    8.22
  80392.262   151.198    14.61    8.14
  80681.495   155.861    16.12    8.21
  80970.733   160.632    16.50    8.56
  81259.976   165.462    16.70    9.51
  81549.223   170.974    19.05   10.17
  81838.474   176.750    19.97   11.66
  82127.731   184.715    27.54   16.26
  82416.992   196.582    41.03   26.04
  82706.257   209.470    44.55   35.86
  82995.528   228.250    64.92   49.05
  83284.802   250.432    76.69   56.53
  83574.082   270.129    68.09   58.55
  83863.366   287.568    60.29   60.70
  84152.655   303.249    54.21   59.57
  84441.948   315.716    43.10   57.30
  84731.246   321.749    20.85   58.64
  85020.549   320.250    -5.18   61.64
  85309.856   318.999    -4.32   63.69
  85599.168   316.663    -8.07   61.35
  85888.484   305.361   -39.07   65.60
  86177.805   294.882   -36.22   63.26
  86467.131   291.410   -12.00   58.47
  86756.461   291.991     2.01   53.93
  87045.796   286.267   -19.78   47.82
  87335.136   281.549   -16.31   42.09
  87624.480   269.936   -40.14   40.92
  87913.829   262.316   -26.34   42.04
  88203.183   255.922   -22.10   39.24
  88492.541   243.974   -41.29   30.88
  88781.904   242.749    -4.23   28.06
  89071.272   248.649    20.39   28.81
  89360.644   261.087    42.98   32.81
  89650.021   274.557    46.55   35.59
  89939.402   290.182    54.00   38.26
  90228.788   300.504    35.67   38.07
  90518.179   308.159    26.45   37.43
  90807.575   320.372    42.20   35.84
  91096.975   331.649    38.97   33.19
  91386.380   341.461    33.91   30.77
  91675.789   344.250     9.64   31.88
  91965.203   346.077     6.31   29.54
  92254.622   353.870    26.93   28.11
  92544.046   357.224    11.59   29.71
  92833.474   360.060     9.80   30.87
  93122.906   366.767    23.17   31.08
  93412.344   378.094    39.14   38.06
  93701.786   394.612    57.07   39.94
  93991.233   400.896    21.71   40.70
  94280.684   403.267     8.19   44.11
  94570.140   404.916     5.70   52.29
  94859.601   401.715   -11.06   60.27
  95149.067   385.224   -56.97   76.33
  95438.537   357.355   -96.28   90.67
  95728.012   328.863   -98.43   98.82
  96017.491   297.320  -108.97   99.98
  96306.976   270.875   -91.35   92.65
  96596.465   243.199   -95.61   71.81
  96885.958   220.681   -77.78   41.58
  97175.457   208.304   -42.76   20.46
  97464.960   203.490   -16.63   19.50
  97754.467   199.649   -13.27   17.66
  98043.980   195.783   -13.35   16.74
  98333.497   191.574   -14.54   12.70
  98623.018   190.682    -3.08   12.13
  98912.545   189.563    -3.87   10.61
  99202.076   190.652     3.76   10.76
  99491.612   192.832     7.53   10.80
  99781.153   196.370    12.22   12.25
 100070.698   202.495    21.15   17.17
 100360.248   209.456    24.04   18.97
 100649.802   214.568    17.66   17.81
 100939.362   218.353    13.07   15.92
 101228.926   220.326     6.81   13.94
 101518.495   220.819     1.70   13.66
 101808.068   217.444   -11.65   13.29
 102097.647   213.071   -15.10   12.03
 102387.230   208.902   -14.40   10.28
 102676.817   204.132   -16.47    7.56
 102966.410   201.043   -10.67    6.42
 103256.007   198.902    -7.39    5.25
 103545.609   197.316    -5.48    4.39
 103835.215   196.732    -2.01    4.07
 104124.826   196.034    -2.41    4.07
 104414.442   195.284    -2.59    4.10
 104704.063   194.366    -3.17    3.95
 104993.689   193.982    -1.32    3.74
 105283.319   193.426    -1.92    3.58
 105572.954   192.616    -2.80    3.05
 105862.593   191.683    -3.22    1.74
 106152.238   192.215     1.84    1.80
 106441.887   192.750     1.85    1.93
 106731.541   193.516     2.64    2.22
 107021.199   194.939     4.91    3.24
 107310.862   196.142     4.15    3.84
 107600.531   197.801     5.73    4.53
 107890.203   199.956     7.44    5.05
 108179.881   201.563     5.55    4.98
 108469.563   203.519     6.75    4.78
 108759.250   204.974     5.02    4.21
 109048.942   206.370     4.82    3.91
 109338.639   207.166     2.75    3.61
 109628.340   208.182     3.51    3.59
 109917.994   209.682     5.18    3.81
 110206.683   211.529     6.40    3.80
 110495.377   212.798     4.40    3.76
 110784.075   214.601     6.25    3.72
 111072.779   216.387     6.19    4.05
 111361.487   218.099     5.93    3.90
 111650.200   221.112    10.44    4.89
 111938.918   223.339     7.71    5.17
 112227.640   225.982     9.16    5.58
 112516.367   229.282    11.43    5.97
 112805.099   232.956    12.73    6.73
 113093.835   238.326    18.60   12.11
 113382.576   245.519    24.91   19.74
 113671.322   257.037    39.89   29.34
 113960.073   271.159    48.91   36.97
 114248.828   287.393    56.23   40.91
 114537.589   305.198    61.66   40.50
 114826.354   315.037    34.08   35.63
 115115.123   326.175    38.57   27.03
 115403.898   329.066    10.01   19.51
 115692.677   328.956    -0.38   14.75
 115981.461   324.618   -15.03   13.74
 116270.249   320.482   -14.32   11.15
 116559.043   318.614    -6.47   10.17
 116847.841   319.166     1.91   12.44
 117136.644   322.399    11.20   16.78
 117425.451   327.404    17.33   19.95
 117714.264   334.767    25.49   25.96
 118003.081   344.116    32.37   31.66
 118291.903   351.905    26.97   29.58
 118580.729   358.458    22.69   29.95
 118869.561   366.032    26.22   26.93
 119158.397   371.182    17.83   23.78
 119447.238   374.801    12.53   21.63
 119736.083   377.181     8.24   19.05
 120024.934   376.632    -1.90   19.44
 120313.789   377.198     1.96   18.21
 120602.649   375.322    -6.49   17.60
 120891.514   373.580    -6.03   15.75
 121180.383   375.215     5.66   20.74
 121469.258   378.974    13.01   23.00
 121758.137   387.466    29.40   24.05
 122047.021   394.490    24.32   24.36
 122335.909   403.370    30.74   24.05
 122624.803   411.126    26.85   20.21
 122913.701   414.646    12.19   16.09
 123202.604   416.326     5.81   11.70
 123491.511   415.241    -3.76   10.43
 123780.424   414.241    -3.46   10.40
 124069.341   409.962   -14.81   10.21
 124358.263   406.539   -11.85    9.77
 124647.190   403.549   -10.35   10.40
 124936.122   399.504   -14.00   10.31
 125225.058   396.668    -9.82   10.29
 125513.999   393.416   -11.26   10.75
 125802.945   391.216    -7.61   11.11
 126091.896   389.301    -6.63   10.98
 126380.852   388.853    -1.55   11.32
 126669.812   389.816     3.33   12.27
 126958.778   391.181     4.72   14.92
 127247.748   394.032     9.87   16.36
 127536.722   397.816    13.09   16.60
 127825.702   403.732    20.48   16.91
 128114.686   407.319    12.41   16.61
 128403.676   408.816     5.18   19.10
 128692.670   405.345   -12.01   22.65
 128981.668   399.750   -19.36   26.54
 129270.672   391.011   -30.24   26.74
 129559.681   384.284   -23.28   27.02
 129848.694   380.563   -12.88   26.17
 130137.712   377.486   -10.64   25.31
 130426.735   377.054    -1.49   25.60
 130715.762   387.208    35.13   29.85
 131004.795   397.610    35.99   30.70
 131293.832   407.166    33.06   29.30
 131582.875   416.474    32.20   24.70
 131871.921   421.700    18.08   24.29
 132160.973   424.199     8.65   22.66
 132450.030   420.932   -11.30   23.85
 132739.091   413.456   -25.86   27.00
 133028.158   405.474   -27.62   28.77
 133317.229   399.299   -21.36   27.74
 133606.305   393.122   -21.37   25.19
 133895.386   387.159   -20.63   20.48
 134184.471   384.020   -10.86   18.63
 134473.562   382.060    -6.78   18.05
 134762.657   382.629     1.97   17.21
 135051.757   386.366    12.93   17.05
 135340.862   388.894     8.74   16.78
 135629.972   391.405     8.69   15.46
 135919.086   395.182    13.07   16.15
 136208.206   400.873    19.68   15.33
 136497.330   408.866    27.65   15.89
 136786.460   413.306    15.36   16.19
 137075.594   417.149    13.29   15.23
 137364.732   420.962    13.19   14.30
 137653.876   423.557     8.98   13.29
 137943.025   420.366   -11.04   14.68
 138232.178   413.750   -22.88   17.98
 138521.336   408.355   -18.66   18.06
 138810.500   404.532   -13.22   16.88
 139099.668   401.982    -8.82   15.38
 139388.840   400.112    -6.47   12.25
 139678.018   401.439     4.59   10.90
 139967.201   407.454    20.80   13.98
 140256.388   414.166    23.21   14.12
 140545.581   420.636    22.37   15.24
 140834.778   428.258    26.36   15.70
 141123.980   434.784    22.57   15.60
 141413.187   440.427    19.51   14.79
 141702.399   444.987    15.77   13.86
 141991.615   450.184    17.97   13.21
 142280.837   454.336    14.36   12.12
 142570.063   458.299    13.70   11.81
 142859.294   462.094    13.12   11.38
 143148.531   464.532     8.43    9.17
 143437.772   466.454     6.64    7.78
 143727.018   467.519     3.68    7.43
 144016.268   466.781    -2.55    8.44
 144305.524   465.629    -3.98    9.00
 144594.785   463.099    -8.75    9.07
 144884.050   460.681    -8.36    8.49
 145173.320   458.913    -6.11    8.86
 145462.596   456.182    -9.44    9.26
 145751.876   452.732   -11.93    9.13
 146041.161   449.060   -12.70    9.55
 146330.451   444.410   -16.07    8.85
 146619.746   440.383   -13.92    8.27
 146909.045   437.216   -10.95    7.39
 147198.350   434.555    -9.20    6.84
 147487.659   432.680    -6.48    6.54
 147776.974   431.250    -4.94    6.68
 148066.293   430.566    -2.36    7.00
 148355.617   430.037    -1.83    6.83
 148644.947   428.539    -5.18    7.41
 148934.281   428.198    -1.18    7.38
 149223.619   426.916    -4.43    7.89
 149512.963   426.422    -1.71    7.59
 149802.312   424.027    -8.28    7.87
 150091.666   421.866    -7.47    8.15
 150381.024   419.208    -9.19   10.25
 150670.388   414.683   -15.64   11.80
 150959.756   410.853   -13.24   11.40
 151249.130   407.882   -10.27   10.21
 151538.508   403.905   -13.75    7.57
 151827.891   402.103    -6.23    6.41
 152117.279   400.817    -4.44    6.14
 152406.672   400.953     0.47    7.19
 152696.070   400.577    -1.30    7.75
 152985.473   400.163    -1.43    8.29
 153274.881   399.119    -3.61    8.83
 153564.293   397.766    -4.68    8.47
 153853.711   396.863    -3.12    8.60
 154143.134   396.456    -1.41    9.33
 154432.561   396.543     0.30   10.40
 154721.994   396.088    -1.57   11.19
 155011.431   394.199    -6.53   11.07
 155300.873   391.913    -7.90   10.45
 155590.321   389.387    -8.72    7.71
 155879.773   388.632    -2.61    6.31
 156169.230   390.732     7.26    7.56
 156458.692   394.208    12.01    9.23
 156748.159   398.866    16.09   11.01
 157037.631   403.634    16.47   10.88
 157327.108   407.816    14.45    9.12
 157616.590   410.714    10.01    7.14
 157906.077   413.044     8.05    8.62
 158195.569   413.060     0.06    9.66
 158485.065   410.782    -7.87   11.08
 158774.567   407.149   -12.55   11.94
 159064.074   402.370   -16.51   11.91
 159353.585   398.594   -13.04   11.33
 159643.102   394.032   -15.76    8.61
 159932.623   391.175    -9.87    7.76
 160222.150   388.543    -9.09    7.46
 160511.681   386.616    -6.66    7.74
 160801.218   385.422    -4.12    7.85
 161090.759   384.577    -2.92    8.17
 161380.306   382.126    -8.47    7.64
 161669.857   380.232    -6.54    6.83
 161959.413   378.248    -6.85    7.00
 162248.974   376.469    -6.15    7.31
 162538.541   374.616    -6.40    7.22
 162828.112   372.820    -6.20    6.76
 163117.688   370.087    -9.44    7.37
 163407.269   367.266    -9.74    7.90
 163696.856   364.601    -9.20    7.06
 163986.447   361.956    -9.13    5.32
 164276.043   361.612    -1.19    5.09
 164565.644   362.032     1.45    5.51
 164855.250   362.646     2.12    6.11
 165144.861   364.388     6.02    7.14
 165434.477   366.499     7.29    7.71
 165724.098   369.629    10.81    8.13
 166013.724   372.008     8.22    7.69
 166303.355   376.032    13.89    8.73
 166592.991   380.619    15.84    8.94
 166882.632   384.698    14.08    8.79
 167172.278   389.382    16.17    9.12
 167461.929   392.322    10.15    9.05
 167751.585   395.266    10.16    8.42
 168041.247   398.388    10.78    8.00
 168330.913   401.316    10.11    7.12
 168620.584   403.863     8.80    7.08
 168910.260   406.232     8.18    7.71
 169199.941   408.666     8.40    7.27
 169489.627   411.784    10.77    6.56
 169779.318   414.011     7.69    7.48
 170069.014   417.766    12.96    8.33
 170358.715   421.258    12.05    8.14
 170648.421   424.629    11.64    8.44
 170938.132   427.427     9.66    8.44
 171227.848   430.589    10.92    7.77
 171517.570   433.116     8.72    6.71
 171807.296   433.652     1.85    7.18
 172097.027   435.259     5.55    7.32
 172385.932   436.508     4.33    7.99
 172674.592   438.949     8.46    8.75
 172963.256   442.088    10.88    8.76
 173251.925   442.861     2.68    8.71
 173540.599   441.956    -3.13    9.41
 173829.279   439.582    -8.22   10.59
 174117.963   435.939   -12.62   10.61
 174406.652   433.316    -9.09   10.38
 174695.346   430.116   -11.09    8.94
 174984.045   429.716    -1.38    9.61
 175272.750   430.093     1.31   10.64
 175561.459   431.163     3.71   11.98
 175850.173   432.282     3.88   13.16
 176138.892   432.629     1.20   13.31
 176427.616   433.797     4.05   12.92
 176716.345   434.066     0.93   12.33
 177005.080   433.232    -2.89   11.03
 177293.819   433.508     0.96   10.47
 177582.563   433.532     0.08   11.73
 177871.312   434.474     3.26   11.32
 178160.066   439.366    16.94   14.47
 178448.826   442.995    12.57   15.30
 178737.590   446.574    12.40   18.07
 179026.359   454.715    28.19   24.80
 179315.133   457.156     8.45   23.77
 179603.913   457.782     2.17   22.01
 179892.697   459.939     7.47   21.26
 180181.486   463.025    10.69   21.77
 180470.281   468.482    18.90   25.51
 180759.080   473.649    17.89   26.19
 181047.884   476.582    10.16   22.93
 181336.694   481.512    17.07   20.77
 181625.508   482.555     3.61   18.90
 181914.328   483.257     2.43   18.46
 182203.152   482.461    -2.76   17.65
 182491.982   483.232     2.67   20.04
 182780.816   487.594    15.10   24.11
 183069.656   490.421     9.79   26.16
 183358.501   495.349    17.06   25.45
 183647.350   500.995    19.55   23.41
 183936.205   504.439    11.93   21.27
 184225.065   502.020    -8.37   22.83
 184513.930   497.023   -17.30   23.73
 184802.799   489.580   -25.77   23.42
 185091.674   479.372   -35.34   26.01
 185380.554   469.048   -35.74   27.42
 185669.439   457.284   -40.72   25.11
 185958.329   448.088   -31.83   23.30
 186247.224   437.601   -36.30   20.26
 186536.124   429.490   -28.08   17.73
 186825.030   422.008   -25.90   12.80
 187113.940   415.416   -22.82   10.48
 187402.855   411.416   -13.85   10.55
 187691.776   407.299   -14.25    9.40
 187980.701   402.614   -16.22    9.04
 188269.631   399.503   -10.77    9.35
 188558.567   395.273   -14.64   10.15
 188847.508   390.966   -14.91   10.93
 189136.453   387.482   -12.06    9.85
 189425.404   383.525   -13.69    8.60
 189714.360   380.683    -9.84    8.12
 190003.321   378.258    -8.39    7.56
 190292.287   376.877    -4.78    7.54
 190581.258   376.801    -0.26    9.64
 190870.234   376.870     0.24   12.00
 191159.215   376.410    -1.59   12.14
 191448.201   375.241    -4.05   11.04
 191737.192   376.109     3.01   11.24
 192026.189   376.825     2.48   11.56
 192315.190   377.191     1.27   11.51
 192604.197   377.995     2.78   11.40
